0.000000, 0.999702
0.000100, 0.990536
0.000200, 0.981487
0.000300, 0.972515
0.000400, 0.963673
0.000500, 0.954880
0.000600, 0.946220
0.000700, 0.937622
0.000800, 0.929157
0.000900, 0.920742
0.001000, 0.912453
0.001100, 0.904224
0.001200, 0.896133
0.001300, 0.888115
0.001400, 0.880165
0.001500, 0.872295
0.001600, 0.864555
0.001700, 0.856892
0.001800, 0.849304
0.001900, 0.841801
0.002000, 0.834389
0.002100, 0.827045
0.002200, 0.819805
0.002300, 0.812645
0.002400, 0.805531
0.002500, 0.798534
0.002600, 0.791615
0.002700, 0.784760
0.002800, 0.777977
0.002900, 0.771275
0.003000, 0.764648
0.003100, 0.758110
0.003200, 0.751629
0.003300, 0.745220
0.003400, 0.738911
0.003500, 0.732643
0.003600, 0.726463
0.003700, 0.720367
0.003800, 0.714325
0.003900, 0.708336
0.004000, 0.702438
0.004100, 0.696598
0.004200, 0.690830
0.004300, 0.685131
0.004400, 0.679489
0.004500, 0.673904
0.004600, 0.668419
0.004700, 0.662956
0.004800, 0.657570
0.004900, 0.652260
0.005000, 0.647018
0.005100, 0.641808
0.005200, 0.636696
0.005300, 0.631622
0.005400, 0.626595
0.005500, 0.621620
0.005600, 0.616730
0.005700, 0.611900
0.005800, 0.607101
0.005900, 0.602394
0.006000, 0.597694
0.006100, 0.593094
0.006200, 0.588554
0.006300, 0.584030
0.006400, 0.579575
0.006500, 0.575165
0.006600, 0.570793
0.006700, 0.566513
0.006800, 0.562271
0.006900, 0.558052
0.007000, 0.553902
0.007100, 0.549797
0.007200, 0.545746
0.007300, 0.541740
0.007400, 0.537788
0.007500, 0.533852
0.007600, 0.530014
0.007700, 0.526169
0.007800, 0.522408
0.007900, 0.518692
0.008000, 0.515022
0.008100, 0.511383
0.008200, 0.507797
0.008300, 0.504227
0.008400, 0.500717
0.008500, 0.497261
0.008600, 0.493820
0.008700, 0.490440
0.008800, 0.487099
0.008900, 0.483795
0.009000, 0.480515
0.009100, 0.477310
0.009200, 0.474113
0.009300, 0.470955
0.009400, 0.467857
0.009500, 0.464767
0.009600, 0.461746
0.009700, 0.458755
0.009800, 0.455772
0.009900, 0.452850
0.010000, 0.449966
0.010100, 0.447098
0.010200, 0.444275
0.010300, 0.441467
0.010400, 0.438721
0.010500, 0.435997
0.010600, 0.433311
0.010700, 0.430672
0.010800, 0.428024
0.010900, 0.425430
0.011000, 0.422874
0.011100, 0.420364
0.011200, 0.417839
0.011300, 0.415359
0.011400, 0.412926
0.011500, 0.410545
0.011600, 0.408127
0.011700, 0.405777
0.011800, 0.403450
0.011900, 0.401146
0.012000, 0.398872
0.012100, 0.396652
0.012200, 0.394447
0.012300, 0.392227
0.012400, 0.390068
0.012500, 0.387932
0.012600, 0.385849
0.012700, 0.383728
0.012800, 0.381683
0.012900, 0.379631
0.013000, 0.377617
0.013100, 0.375656
0.013200, 0.373665
0.013300, 0.371742
0.013400, 0.369835
0.013500, 0.367943
0.013600, 0.366058
0.013700, 0.364220
0.013800, 0.362373
0.013900, 0.360573
0.014000, 0.358803
0.014100, 0.357025
0.014200, 0.355286
0.014300, 0.353561
0.014400, 0.351852
0.014500, 0.350182
0.014600, 0.348526
0.014700, 0.346893
0.014800, 0.345261
0.014900, 0.343666
0.015000, 0.342072
0.015100, 0.340500
0.015200, 0.338966
0.015300, 0.337425
0.015400, 0.335899
0.015500, 0.334412
0.015600, 0.332947
0.015700, 0.331482
0.015800, 0.330025
0.015900, 0.328621
0.016000, 0.327217
0.016100, 0.325806
0.016200, 0.324432
0.016300, 0.323044
0.016400, 0.321701
0.016500, 0.320374
0.016600, 0.319077
0.016700, 0.317780
0.016800, 0.316490
0.016900, 0.315208
0.017000, 0.313950
0.017100, 0.312729
0.017200, 0.311485
0.017300, 0.310280
0.017400, 0.309059
0.017500, 0.307869
0.017600, 0.306694
0.017700, 0.305542
0.017800, 0.304375
0.017900, 0.303238
0.018000, 0.302109
0.018100, 0.300995
0.018200, 0.299911
0.018300, 0.298813
0.018400, 0.297737
0.018500, 0.296669
0.018600, 0.295601
0.018700, 0.294556
0.018800, 0.293541
0.018900, 0.292519
0.019000, 0.291496
0.019100, 0.290489
0.019200, 0.289490
0.019300, 0.288521
0.019400, 0.287552
0.019500, 0.286598
0.019600, 0.285652
0.019700, 0.284691
0.019800, 0.283775
0.019900, 0.282852
0.020000, 0.281944
0.020100, 0.281044
0.020200, 0.280144
0.020300, 0.279259
0.020400, 0.278374
0.020500, 0.277504
0.020600, 0.276642
0.020700, 0.275826
0.020800, 0.274940
0.020900, 0.274109
0.021000, 0.273308
0.021100, 0.272461
0.021200, 0.271660
0.021300, 0.270859
0.021400, 0.270027
0.021500, 0.269241
0.021600, 0.268456
0.021700, 0.267700
0.021800, 0.266937
0.021900, 0.266182
0.022000, 0.265404
0.022100, 0.264664
0.022200, 0.263924
0.022300, 0.263199
0.022400, 0.262451
0.022500, 0.261734
0.022600, 0.261009
0.022700, 0.260307
0.022800, 0.259575
0.022900, 0.258896
0.023000, 0.258209
0.023100, 0.257530
0.023200, 0.256836
0.023300, 0.256157
0.023400, 0.255486
0.023500, 0.254822
0.023600, 0.254150
0.023700, 0.253510
0.023800, 0.252861
0.023900, 0.252213
0.024000, 0.251572
0.024100, 0.250931
0.024200, 0.250282
0.024300, 0.249672
0.024400, 0.249046
0.024500, 0.248413
0.024600, 0.247818
0.024700, 0.247208
0.024800, 0.246582
0.024900, 0.245987
0.025000, 0.245399
0.025100, 0.244820
0.025200, 0.244240
0.025300, 0.243645
0.025400, 0.243065
0.025500, 0.242500
0.025600, 0.241920
0.025700, 0.241348
0.025800, 0.240761
0.025900, 0.240211
0.026000, 0.239647
0.026100, 0.239136
0.026200, 0.238556
0.026300, 0.238022
0.026400, 0.237457
0.026500, 0.236931
0.026600, 0.236382
0.026700, 0.235863
0.026800, 0.235321
0.026900, 0.234787
0.027000, 0.234268
0.027100, 0.233734
0.027200, 0.233231
0.027300, 0.232689
0.027400, 0.232170
0.027500, 0.231667
0.027600, 0.231163
0.027700, 0.230663
0.027800, 0.230148
0.027900, 0.229675
0.028000, 0.229156
0.028100, 0.228645
0.028200, 0.228180
0.028300, 0.227673
0.028400, 0.227169
0.028500, 0.226685
0.028600, 0.226196
0.028700, 0.225735
0.028800, 0.225258
0.028900, 0.224770
0.029000, 0.224289
0.029100, 0.223812
0.029200, 0.223362
0.029300, 0.222878
0.029400, 0.222389
0.029500, 0.221958
0.029600, 0.221478
0.029700, 0.221016
0.029800, 0.220554
0.029900, 0.220104
0.030000, 0.219627
0.030100, 0.219189
0.030200, 0.218735
0.030300, 0.218281
0.030400, 0.217834
0.030500, 0.217384
0.030600, 0.216942
0.030700, 0.216499
0.030800, 0.216057
0.030900, 0.215626
0.031000, 0.215179
0.031100, 0.214729
0.031200, 0.214306
0.031300, 0.213852
0.031400, 0.213417
0.031500, 0.213001
0.031600, 0.212536
0.031700, 0.212128
0.031800, 0.211700
0.031900, 0.211281
0.032000, 0.210869
0.032100, 0.210430
0.032200, 0.210011
0.032300, 0.209572
0.032400, 0.209179
0.032500, 0.208763
0.032600, 0.208355
0.032700, 0.207924
0.032800, 0.207493
0.032900, 0.207085
0.033000, 0.206669
0.033100, 0.206257
0.033200, 0.205845
0.033300, 0.205437
0.033400, 0.205025
0.033500, 0.204620
0.033600, 0.204212
0.033700, 0.203804
0.033800, 0.203415
0.033900, 0.203037
0.034000, 0.202614
0.034100, 0.202209
0.034200, 0.201813
0.034300, 0.201416
0.034400, 0.201046
0.034500, 0.200619
0.034600, 0.200230
0.034700, 0.199837
0.034800, 0.199451
0.034900, 0.199055
0.035000, 0.198650
0.035100, 0.198277
0.035200, 0.197876
0.035300, 0.197514
0.035400, 0.197098
0.035500, 0.196716
0.035600, 0.196327
0.035700, 0.195969
0.035800, 0.195583
0.035900, 0.195187
0.036000, 0.194790
0.036100, 0.194435
0.036200, 0.194035
0.036300, 0.193672
0.036400, 0.193291
0.036500, 0.192894
0.036600, 0.192539
0.036700, 0.192162
0.036800, 0.191780
0.036900, 0.191410
0.037000, 0.191044
0.037100, 0.190674
0.037200, 0.190311
0.037300, 0.189934
0.037400, 0.189571
0.037500, 0.189209
0.037600, 0.188858
0.037700, 0.188457
0.037800, 0.188103
0.037900, 0.187737
0.038000, 0.187363
0.038100, 0.186993
0.038200, 0.186638
0.038300, 0.186283
0.038400, 0.185913
0.038500, 0.185555
0.038600, 0.185215
0.038700, 0.184845
0.038800, 0.184502
0.038900, 0.184135
0.039000, 0.183792
0.039100, 0.183422
0.039200, 0.183079
0.039300, 0.182728
0.039400, 0.182388
0.039500, 0.182026
0.039600, 0.181675
0.039700, 0.181328
0.039800, 0.181004
0.039900, 0.180626
0.040000, 0.180275
0.040100, 0.179943
0.040200, 0.179585
0.040300, 0.179249
0.040400, 0.178898
0.040500, 0.178581
0.040600, 0.178238
0.040700, 0.177883
0.040800, 0.177536
0.040900, 0.177223
0.041000, 0.176865
0.041100, 0.176525
0.041200, 0.176193
0.041300, 0.175858
0.041400, 0.175526
0.041500, 0.175175
0.041600, 0.174847
0.041700, 0.174522
0.041800, 0.174217
0.041900, 0.173866
0.042000, 0.173538
0.042100, 0.173191
0.042200, 0.172894
0.042300, 0.172554
0.042400, 0.172215
0.042500, 0.171917
0.042600, 0.171581
0.042700, 0.171261
0.042800, 0.170918
0.042900, 0.170593
0.043000, 0.170303
0.043100, 0.169987
0.043200, 0.169666
0.043300, 0.169350
0.043400, 0.169010
0.043500, 0.168705
0.043600, 0.168392
0.043700, 0.168091
0.043800, 0.167763
0.043900, 0.167461
0.044000, 0.167130
0.044100, 0.166859
0.044200, 0.166546
0.044300, 0.166210
0.044400, 0.165909
0.044500, 0.165611
0.044600, 0.165306
0.044700, 0.164997
0.044800, 0.164700
0.044900, 0.164402
0.045000, 0.164116
0.045100, 0.163788
0.045200, 0.163479
0.045300, 0.163185
0.045400, 0.162891
0.045500, 0.162598
0.045600, 0.162300
0.045700, 0.162014
0.045800, 0.161728
0.045900, 0.161411
0.046000, 0.161125
0.046100, 0.160847
0.046200, 0.160522
0.046300, 0.160255
0.046400, 0.159973
0.046500, 0.159676
0.046600, 0.159428
0.046700, 0.159119
0.046800, 0.158817
0.046900, 0.158543
0.047000, 0.158264
0.047100, 0.157974
0.047200, 0.157688
0.047300, 0.157402
0.047400, 0.157143
0.047500, 0.156860
0.047600, 0.156597
0.047700, 0.156326
0.047800, 0.156029
0.047900, 0.155769
0.048000, 0.155487
0.048100, 0.155216
0.048200, 0.154957
0.048300, 0.154682
0.048400, 0.154419
0.048500, 0.154137
0.048600, 0.153866
0.048700, 0.153618
0.048800, 0.153343
0.048900, 0.153076
0.049000, 0.152821
0.049100, 0.152561
0.049200, 0.152298
0.049300, 0.152039
0.049400, 0.151772
0.049500, 0.151524
0.049600, 0.151253
0.049700, 0.151001
0.049800, 0.150753
0.049900, 0.150490
0.050000, 0.150249
0.050100, 0.150002
0.050200, 0.149738
0.050300, 0.149494
0.050400, 0.149261
0.050500, 0.148983
0.050600, 0.148735
0.050700, 0.148514
0.050800, 0.148262
0.050900, 0.148018
0.051000, 0.147766
0.051100, 0.147522
0.051200, 0.147285
0.051300, 0.147064
0.051400, 0.146824
0.051500, 0.146568
0.051600, 0.146309
0.051700, 0.146095
0.051800, 0.145874
0.051900, 0.145638
0.052000, 0.145397
0.052100, 0.145172
0.052200, 0.144947
0.052300, 0.144707
0.052400, 0.144470
0.052500, 0.144230
0.052600, 0.144012
0.052700, 0.143799
0.052800, 0.143581
0.052900, 0.143364
0.053000, 0.143127
0.053100, 0.142891
0.053200, 0.142696
0.053300, 0.142448
0.053400, 0.142250
0.053500, 0.142033
0.053600, 0.141811
0.053700, 0.141598
0.053800, 0.141361
0.053900, 0.141174
0.054000, 0.140945
0.054100, 0.140717
0.054200, 0.140530
0.054300, 0.140327
0.054400, 0.140091
0.054500, 0.139896
0.054600, 0.139675
0.054700, 0.139469
0.054800, 0.139275
0.054900, 0.139069
0.055000, 0.138885
0.055100, 0.138680
0.055200, 0.138454
0.055300, 0.138252
0.055400, 0.138065
0.055500, 0.137852
0.055600, 0.137657
0.055700, 0.137447
0.055800, 0.137272
0.055900, 0.137077
0.056000, 0.136906
0.056100, 0.136681
0.056200, 0.136517
0.056300, 0.136314
0.056400, 0.136124
0.056500, 0.135956
0.056600, 0.135719
0.056700, 0.135544
0.056800, 0.135357
0.056900, 0.135189
0.057000, 0.135002
0.057100, 0.134804
0.057200, 0.134613
0.057300, 0.134434
0.057400, 0.134251
0.057500, 0.134064
0.057600, 0.133900
0.057700, 0.133705
0.057800, 0.133518
0.057900, 0.133354
0.058000, 0.133160
0.058100, 0.133007
0.058200, 0.132820
0.058300, 0.132660
0.058400, 0.132496
0.058500, 0.132309
0.058600, 0.132133
0.058700, 0.131973
0.058800, 0.131783
0.058900, 0.131603
0.059000, 0.131466
0.059100, 0.131302
0.059200, 0.131142
0.059300, 0.130966
0.059400, 0.130798
0.059500, 0.130650
0.059600, 0.130459
0.059700, 0.130310
0.059800, 0.130169
0.059900, 0.129997
0.060000, 0.129826
0.060100, 0.129669
0.060200, 0.129513
0.060300, 0.129349
0.060400, 0.129185
0.060500, 0.129009
0.060600, 0.128868
0.060700, 0.128712
0.060800, 0.128571
0.060900, 0.128410
0.061000, 0.128265
0.061100, 0.128094
0.061200, 0.127949
0.061300, 0.127823
0.061400, 0.127666
0.061500, 0.127502
0.061600, 0.127361
0.061700, 0.127224
0.061800, 0.127075
0.061900, 0.126930
0.062000, 0.126770
0.062100, 0.126629
0.062200, 0.126484
0.062300, 0.126335
0.062400, 0.126183
0.062500, 0.126057
0.062600, 0.125923
0.062700, 0.125774
0.062800, 0.125641
0.062900, 0.125500
0.063000, 0.125343
0.063100, 0.125221
0.063200, 0.125076
0.063300, 0.124950
0.063400, 0.124802
0.063500, 0.124660
0.063600, 0.124542
0.063700, 0.124405
0.063800, 0.124275
0.063900, 0.124126
0.064000, 0.123989
0.064100, 0.123859
0.064200, 0.123741
0.064300, 0.123596
0.064400, 0.123486
0.064500, 0.123352
0.064600, 0.123211
0.064700, 0.123085
0.064800, 0.122963
0.064900, 0.122849
0.065000, 0.122719
0.065100, 0.122585
0.065200, 0.122482
0.065300, 0.122330
0.065400, 0.122200
0.065500, 0.122089
0.065600, 0.121960
0.065700, 0.121853
0.065800, 0.121731
0.065900, 0.121586
0.066000, 0.121464
0.066100, 0.121372
0.066200, 0.121223
0.066300, 0.121117
0.066400, 0.120983
0.066500, 0.120853
0.066600, 0.120743
0.066700, 0.120628
0.066800, 0.120502
0.066900, 0.120392
0.067000, 0.120293
0.067100, 0.120182
0.067200, 0.120071
0.067300, 0.119942
0.067400, 0.119804
0.067500, 0.119713
0.067600, 0.119602
0.067700, 0.119488
0.067800, 0.119381
0.067900, 0.119247
0.068000, 0.119144
0.068100, 0.119034
0.068200, 0.118919
0.068300, 0.118816
0.068400, 0.118702
0.068500, 0.118591
0.068600, 0.118465
0.068700, 0.118385
0.068800, 0.118263
0.068900, 0.118160
0.069000, 0.118034
0.069100, 0.117931
0.069200, 0.117825
0.069300, 0.117714
0.069400, 0.117611
0.069500, 0.117519
0.069600, 0.117401
0.069700, 0.117279
0.069800, 0.117203
0.069900, 0.117092
0.070000, 0.116997
0.070100, 0.116894
0.070200, 0.116776
0.070300, 0.116661
0.070400, 0.116577
0.070500, 0.116478
0.070600, 0.116348
0.070700, 0.116261
0.070800, 0.116138
0.070900, 0.116066
0.071000, 0.115952
0.071100, 0.115856
0.071200, 0.115749
0.071300, 0.115643
0.071400, 0.115543
0.071500, 0.115456
0.071600, 0.115334
0.071700, 0.115234
0.071800, 0.115143
0.071900, 0.115047
0.072000, 0.114952
0.072100, 0.114845
0.072200, 0.114754
0.072300, 0.114662
0.072400, 0.114563
0.072500, 0.114460
0.072600, 0.114384
0.072700, 0.114254
0.072800, 0.114155
0.072900, 0.114079
0.073000, 0.113991
0.073100, 0.113873
0.073200, 0.113785
0.073300, 0.113682
0.073400, 0.113590
0.073500, 0.113499
0.073600, 0.113403
0.073700, 0.113319
0.073800, 0.113228
0.073900, 0.113125
0.074000, 0.113007
0.074100, 0.112923
0.074200, 0.112843
0.074300, 0.112747
0.074400, 0.112652
0.074500, 0.112549
0.074600, 0.112457
0.074700, 0.112370
0.074800, 0.112267
0.074900, 0.112160
0.075000, 0.112083
0.075100, 0.111996
0.075200, 0.111912
0.075300, 0.111805
0.075400, 0.111706
0.075500, 0.111633
0.075600, 0.111526
0.075700, 0.111439
0.075800, 0.111328
0.075900, 0.111267
0.076000, 0.111172
0.076100, 0.111076
0.076200, 0.110962
0.076300, 0.110882
0.076400, 0.110802
0.076500, 0.110691
0.076600, 0.110600
0.076700, 0.110519
0.076800, 0.110420
0.076900, 0.110348
0.077000, 0.110260
0.077100, 0.110161
0.077200, 0.110069
0.077300, 0.109974
0.077400, 0.109882
0.077500, 0.109810
0.077600, 0.109703
0.077700, 0.109615
0.077800, 0.109520
0.077900, 0.109440
0.078000, 0.109344
0.078100, 0.109241
0.078200, 0.109158
0.078300, 0.109058
0.078400, 0.108952
0.078500, 0.108906
0.078600, 0.108795
0.078700, 0.108727
0.078800, 0.108631
0.078900, 0.108532
0.079000, 0.108444
0.079100, 0.108337
0.079200, 0.108273
0.079300, 0.108192
0.079400, 0.108089
0.079500, 0.108002
0.079600, 0.107922
0.079700, 0.107815
0.079800, 0.107742
0.079900, 0.107635
0.080000, 0.107548
0.080100, 0.107452
0.080200, 0.107368
0.080300, 0.107273
0.080400, 0.107174
0.080500, 0.107113
0.080600, 0.107014
0.080700, 0.106918
0.080800, 0.106831
0.080900, 0.106758
0.081000, 0.106663
0.081100, 0.106560
0.081200, 0.106491
0.081300, 0.106384
0.081400, 0.106316
0.081500, 0.106216
0.081600, 0.106117
0.081700, 0.106033
0.081800, 0.105949
0.081900, 0.105869
0.082000, 0.105770
0.082100, 0.105663
0.082200, 0.105583
0.082300, 0.105499
0.082400, 0.105419
0.082500, 0.105320
0.082600, 0.105228
0.082700, 0.105160
0.082800, 0.105038
0.082900, 0.104958
0.083000, 0.104870
0.083100, 0.104774
0.083200, 0.104694
0.083300, 0.104622
0.083400, 0.104507
0.083500, 0.104454
0.083600, 0.104340
0.083700, 0.104244
0.083800, 0.104145
0.083900, 0.104050
0.084000, 0.103985
0.084100, 0.103893
0.084200, 0.103779
0.084300, 0.103718
0.084400, 0.103622
0.084500, 0.103523
0.084600, 0.103439
0.084700, 0.103348
0.084800, 0.103252
0.084900, 0.103176
0.085000, 0.103081
0.085100, 0.102989
0.085200, 0.102909
0.085300, 0.102806
0.085400, 0.102695
0.085500, 0.102634
0.085600, 0.102551
0.085700, 0.102440
0.085800, 0.102367
0.085900, 0.102264
0.086000, 0.102169
0.086100, 0.102070
0.086200, 0.101997
0.086300, 0.101921
0.086400, 0.101814
0.086500, 0.101730
0.086600, 0.101620
0.086700, 0.101570
0.086800, 0.101444
0.086900, 0.101360
0.087000, 0.101280
0.087100, 0.101200
0.087200, 0.101116
0.087300, 0.101002
0.087400, 0.100899
0.087500, 0.100822
0.087600, 0.100742
0.087700, 0.100639
0.087800, 0.100536
0.087900, 0.100460
0.088000, 0.100376
0.088100, 0.100277
0.088200, 0.100174
0.088300, 0.100094
0.088400, 0.100010
0.088500, 0.099918
0.088600, 0.099827
0.088700, 0.099724
0.088800, 0.099640
0.088900, 0.099552
0.089000, 0.099461
0.089100, 0.099373
0.089200, 0.099277
0.089300, 0.099171
0.089400, 0.099098
0.089500, 0.099014
0.089600, 0.098919
0.089700, 0.098824
0.089800, 0.098721
0.089900, 0.098629
0.090000, 0.098549
0.090100, 0.098457
0.090200, 0.098370
0.090300, 0.098263
0.090400, 0.098202
0.090500, 0.098080
0.090600, 0.097996
0.090700, 0.097900
0.090800, 0.097820
0.090900, 0.097721
0.091000, 0.097637
0.091100, 0.097561
0.091200, 0.097431
0.091300, 0.097374
0.091400, 0.097248
0.091500, 0.097168
0.091600, 0.097076
0.091700, 0.096989
0.091800, 0.096901
0.091900, 0.096817
0.092000, 0.096714
0.092100, 0.096630
0.092200, 0.096546
0.092300, 0.096439
0.092400, 0.096340
0.092500, 0.096241
0.092600, 0.096176
0.092700, 0.096081
0.092800, 0.096020
0.092900, 0.095882
0.093000, 0.095795
0.093100, 0.095711
0.093200, 0.095615
0.093300, 0.095520
0.093400, 0.095421
0.093500, 0.095345
0.093600, 0.095272
0.093700, 0.095161
0.093800, 0.095062
0.093900, 0.094975
0.094000, 0.094875
0.094100, 0.094784
0.094200, 0.094700
0.094300, 0.094616
0.094400, 0.094501
0.094500, 0.094421
0.094600, 0.094353
0.094700, 0.094250
0.094800, 0.094154
0.094900, 0.094055
0.095000, 0.093979
0.095100, 0.093868
0.095200, 0.093792
0.095300, 0.093697
0.095400, 0.093632
0.095500, 0.093506
0.095600, 0.093422
0.095700, 0.093330
0.095800, 0.093250
0.095900, 0.093128
0.096000, 0.093040
0.096100, 0.092968
0.096200, 0.092873
0.096300, 0.092789
0.096400, 0.092693
0.096500, 0.092602
0.096600, 0.092529
0.096700, 0.092434
0.096800, 0.092323
0.096900, 0.092251
0.097000, 0.092148
0.097100, 0.092072
0.097200, 0.091972
0.097300, 0.091873
0.097400, 0.091782
0.097500, 0.091705
0.097600, 0.091602
0.097700, 0.091530
0.097800, 0.091423
0.097900, 0.091324
0.098000, 0.091270
0.098100, 0.091164
0.098200, 0.091072
0.098300, 0.090977
0.098400, 0.090900
0.098500, 0.090790
0.098600, 0.090717
0.098700, 0.090614
0.098800, 0.090527
0.098900, 0.090454
0.099000, 0.090359
0.099100, 0.090263
0.099200, 0.090183
0.099300, 0.090096
0.099400, 0.089996
0.099500, 0.089890
0.099600, 0.089832
0.099700, 0.089725
0.099800, 0.089638
0.099900, 0.089550
0.100000, 0.089447
0.100100, 0.089390
0.100200, 0.089287
0.100300, 0.089214
0.100400, 0.089123
0.100500, 0.089031
0.100600, 0.088951
0.100700, 0.088840
0.100800, 0.088772
0.100900, 0.088665
0.101000, 0.088573
0.101100, 0.088497
0.101200, 0.088406
0.101300, 0.088310
0.101400, 0.088253
0.101500, 0.088146
0.101600, 0.088062
0.101700, 0.087967
0.101800, 0.087891
0.101900, 0.087799
0.102000, 0.087715
0.102100, 0.087616
0.102200, 0.087559
0.102300, 0.087463
0.102400, 0.087387
0.102500, 0.087299
0.102600, 0.087196
0.102700, 0.087109
0.102800, 0.087044
0.102900, 0.086941
0.103000, 0.086861
0.103100, 0.086784
0.103200, 0.086693
0.103300, 0.086609
0.103400, 0.086502
0.103500, 0.086414
0.103600, 0.086346
0.103700, 0.086269
0.103800, 0.086185
0.103900, 0.086102
0.104000, 0.086025
0.104100, 0.085926
0.104200, 0.085842
0.104300, 0.085754
0.104400, 0.085667
0.104500, 0.085598
0.104600, 0.085514
0.104700, 0.085438
0.104800, 0.085358
0.104900, 0.085255
0.105000, 0.085190
0.105100, 0.085098
0.105200, 0.085026
0.105300, 0.084927
0.105400, 0.084858
0.105500, 0.084778
0.105600, 0.084679
0.105700, 0.084618
0.105800, 0.084518
0.105900, 0.084461
0.106000, 0.084381
0.106100, 0.084282
0.106200, 0.084213
0.106300, 0.084137
0.106400, 0.084034
0.106500, 0.083961
0.106600, 0.083897
0.106700, 0.083794
0.106800, 0.083725
0.106900, 0.083645
0.107000, 0.083576
0.107100, 0.083485
0.107200, 0.083416
0.107300, 0.083344
0.107400, 0.083252
0.107500, 0.083172
0.107600, 0.083096
0.107700, 0.083027
0.107800, 0.082939
0.107900, 0.082870
0.108000, 0.082794
0.108100, 0.082718
0.108200, 0.082626
0.108300, 0.082561
0.108400, 0.082489
0.108500, 0.082401
0.108600, 0.082329
0.108700, 0.082241
0.108800, 0.082172
0.108900, 0.082096
0.109000, 0.082012
0.109100, 0.081951
0.109200, 0.081863
0.109300, 0.081787
0.109400, 0.081703
0.109500, 0.081650
0.109600, 0.081558
0.109700, 0.081490
0.109800, 0.081402
0.109900, 0.081345
0.110000, 0.081272
0.110100, 0.081207
0.110200, 0.081135
0.110300, 0.081039
0.110400, 0.080978
0.110500, 0.080898
0.110600, 0.080833
0.110700, 0.080750
0.110800, 0.080681
0.110900, 0.080605
0.111000, 0.080528
0.111100, 0.080494
0.111200, 0.080406
0.111300, 0.080322
0.111400, 0.080231
0.111500, 0.080181
0.111600, 0.080109
0.111700, 0.080044
0.111800, 0.079956
0.111900, 0.079899
0.112000, 0.079823
0.112100, 0.079758
0.112200, 0.079685
0.112300, 0.079624
0.112400, 0.079540
0.112500, 0.079479
0.112600, 0.079426
0.112700, 0.079334
0.112800, 0.079288
0.112900, 0.079212
0.113000, 0.079140
0.113100, 0.079056
0.113200, 0.078999
0.113300, 0.078930
0.113400, 0.078854
0.113500, 0.078808
0.113600, 0.078724
0.113700, 0.078667
0.113800, 0.078598
0.113900, 0.078526
0.114000, 0.078465
0.114100, 0.078403
0.114200, 0.078327
0.114300, 0.078255
0.114400, 0.078224
0.114500, 0.078110
0.114600, 0.078053
0.114700, 0.078007
0.114800, 0.077938
0.114900, 0.077866
0.115000, 0.077824
0.115100, 0.077755
0.115200, 0.077682
0.115300, 0.077629
0.115400, 0.077541
0.115500, 0.077477
0.115600, 0.077427
0.115700, 0.077351
0.115800, 0.077297
0.115900, 0.077244
0.116000, 0.077160
0.116100, 0.077110
0.116200, 0.077042
0.116300, 0.076973
0.116400, 0.076931
0.116500, 0.076874
0.116600, 0.076801
0.116700, 0.076740
0.116800, 0.076668
0.116900, 0.076626
0.117000, 0.076561
0.117100, 0.076504
0.117200, 0.076450
0.117300, 0.076385
0.117400, 0.076332
0.117500, 0.076260
0.117600, 0.076206
0.117700, 0.076138
0.117800, 0.076073
0.117900, 0.076038
0.118000, 0.075958
0.118100, 0.075897
0.118200, 0.075832
0.118300, 0.075790
0.118400, 0.075722
0.118500, 0.075668
0.118600, 0.075607
0.118700, 0.075554
0.118800, 0.075527
0.118900, 0.075439
0.119000, 0.075382
0.119100, 0.075333
0.119200, 0.075275
0.119300, 0.075218
0.119400, 0.075172
0.119500, 0.075108
0.119600, 0.075054
0.119700, 0.075008
0.119800, 0.074947
0.119900, 0.074879
0.120000, 0.074825
0.120100, 0.074764
0.120200, 0.074707
0.120300, 0.074661
0.120400, 0.074604
0.120500, 0.074558
0.120600, 0.074501
0.120700, 0.074436
0.120800, 0.074383
0.120900, 0.074341
0.121000, 0.074272
0.121100, 0.074226
0.121200, 0.074165
0.121300, 0.074139
0.121400, 0.074070
0.121500, 0.074020
0.121600, 0.073948
0.121700, 0.073917
0.121800, 0.073853
0.121900, 0.073811
0.122000, 0.073746
0.122100, 0.073685
0.122200, 0.073662
0.122300, 0.073597
0.122400, 0.073540
0.122500, 0.073494
0.122600, 0.073467
0.122700, 0.073387
0.122800, 0.073334
0.122900, 0.073303
0.123000, 0.073238
0.123100, 0.073204
0.123200, 0.073158
0.123300, 0.073078
0.123400, 0.073029
0.123500, 0.072968
0.123600, 0.072933
0.123700, 0.072884
0.123800, 0.072853
0.123900, 0.072788
0.124000, 0.072746
0.124100, 0.072701
0.124200, 0.072655
0.124300, 0.072598
0.124400, 0.072548
0.124500, 0.072514
0.124600, 0.072456
0.124700, 0.072395
0.124800, 0.072353
0.124900, 0.072315
0.125000, 0.072254
0.125100, 0.072224
0.125200, 0.072155
0.125300, 0.072105
0.125400, 0.072067
0.125500, 0.072029
0.125600, 0.071983
0.125700, 0.071926
0.125800, 0.071888
0.125900, 0.071861
0.126000, 0.071793
0.126100, 0.071751
0.126200, 0.071705
0.126300, 0.071636
0.126400, 0.071602
0.126500, 0.071560
0.126600, 0.071507
0.126700, 0.071468
0.126800, 0.071430
0.126900, 0.071384
0.127000, 0.071354
0.127100, 0.071293
0.127200, 0.071236
0.127300, 0.071201
0.127400, 0.071140
0.127500, 0.071110
0.127600, 0.071060
0.127700, 0.071014
0.127800, 0.070972
0.127900, 0.070927
0.128000, 0.070892
0.128100, 0.070835
0.128200, 0.070789
0.128300, 0.070755
0.128400, 0.070732
0.128500, 0.070660
0.128600, 0.070618
0.128700, 0.070564
0.128800, 0.070538
0.128900, 0.070496
0.129000, 0.070442
0.129100, 0.070419
0.129200, 0.070366
0.129300, 0.070309
0.129400, 0.070278
0.129500, 0.070236
0.129600, 0.070190
0.129700, 0.070148
0.129800, 0.070110
0.129900, 0.070072
0.130000, 0.070026
0.130100, 0.070007
0.130200, 0.069931
0.130300, 0.069912
0.130400, 0.069870
0.130500, 0.069824
0.130600, 0.069767
0.130700, 0.069733
0.130800, 0.069672
0.130900, 0.069656
0.131000, 0.069595
0.131100, 0.069572
0.131200, 0.069534
0.131300, 0.069485
0.131400, 0.069439
0.131500, 0.069401
0.131600, 0.069366
0.131700, 0.069317
0.131800, 0.069275
0.131900, 0.069229
0.132000, 0.069199
0.132100, 0.069149
0.132200, 0.069118
0.132300, 0.069069
0.132400, 0.069012
0.132500, 0.069008
0.132600, 0.068935
0.132700, 0.068909
0.132800, 0.068886
0.132900, 0.068806
0.133000, 0.068787
0.133100, 0.068745
0.133200, 0.068699
0.133300, 0.068661
0.133400, 0.068634
0.133500, 0.068581
0.133600, 0.068546
0.133700, 0.068504
0.133800, 0.068470
0.133900, 0.068417
0.134000, 0.068378
0.134100, 0.068344
0.134200, 0.068310
0.134300, 0.068268
0.134400, 0.068211
0.134500, 0.068184
0.134600, 0.068150
0.134700, 0.068123
0.134800, 0.068062
0.134900, 0.068027
0.135000, 0.067966
0.135100, 0.067936
0.135200, 0.067917
0.135300, 0.067867
0.135400, 0.067829
0.135500, 0.067802
0.135600, 0.067760
0.135700, 0.067703
0.135800, 0.067673
0.135900, 0.067635
0.136000, 0.067612
0.136100, 0.067551
0.136200, 0.067505
0.136300, 0.067482
0.136400, 0.067436
0.136500, 0.067398
0.136600, 0.067356
0.136700, 0.067327
0.136800, 0.067284
0.136900, 0.067257
0.137000, 0.067213
0.137100, 0.067160
0.137200, 0.067116
0.137300, 0.067085
0.137400, 0.067038
0.137500, 0.066994
0.137600, 0.066994
0.137700, 0.066912
0.137800, 0.066877
0.137900, 0.066864
0.138000, 0.066799
0.138100, 0.066751
0.138200, 0.066721
0.138300, 0.066692
0.138400, 0.066647
0.138500, 0.066622
0.138600, 0.066572
0.138700, 0.066540
0.138800, 0.066500
0.138900, 0.066462
0.139000, 0.066423
0.139100, 0.066376
0.139200, 0.066355
0.139300, 0.066309
0.139400, 0.066261
0.139500, 0.066236
0.139600, 0.066187
0.139700, 0.066137
0.139800, 0.066093
0.139900, 0.066055
0.140000, 0.066019
0.140100, 0.065977
0.140200, 0.065943
0.140300, 0.065908
0.140400, 0.065863
0.140500, 0.065826
0.140600, 0.065809
0.140700, 0.065754
0.140800, 0.065712
0.140900, 0.065674
0.141000, 0.065639
0.141100, 0.065588
0.141200, 0.065567
0.141300, 0.065519
0.141400, 0.065479
0.141500, 0.065422
0.141600, 0.065405
0.141700, 0.065348
0.141800, 0.065329
0.141900, 0.065273
0.142000, 0.065224
0.142100, 0.065201
0.142200, 0.065153
0.142300, 0.065113
0.142400, 0.065083
0.142500, 0.065044
0.142600, 0.064997
0.142700, 0.064962
0.142800, 0.064917
0.142900, 0.064871
0.143000, 0.064840
0.143100, 0.064810
0.143200, 0.064770
0.143300, 0.064732
0.143400, 0.064692
0.143500, 0.064638
0.143600, 0.064608
0.143700, 0.064566
0.143800, 0.064520
0.143900, 0.064478
0.144000, 0.064442
0.144100, 0.064394
0.144200, 0.064367
0.144300, 0.064327
0.144400, 0.064293
0.144500, 0.064240
0.144600, 0.064196
0.144700, 0.064152
0.144800, 0.064123
0.144900, 0.064077
0.145000, 0.064043
0.145100, 0.063990
0.145200, 0.063942
0.145300, 0.063927
0.145400, 0.063881
0.145500, 0.063843
0.145600, 0.063805
0.145700, 0.063757
0.145800, 0.063717
0.145900, 0.063667
0.146000, 0.063637
0.146100, 0.063589
0.146200, 0.063547
0.146300, 0.063509
0.146400, 0.063477
0.146500, 0.063419
0.146600, 0.063383
0.146700, 0.063362
0.146800, 0.063301
0.146900, 0.063257
0.147000, 0.063217
0.147100, 0.063177
0.147200, 0.063145
0.147300, 0.063093
0.147400, 0.063063
0.147500, 0.063019
0.147600, 0.062981
0.147700, 0.062925
0.147800, 0.062895
0.147900, 0.062862
0.148000, 0.062803
0.148100, 0.062769
0.148200, 0.062740
0.148300, 0.062691
0.148400, 0.062635
0.148500, 0.062595
0.148600, 0.062557
0.148700, 0.062510
0.148800, 0.062479
0.148900, 0.062431
0.149000, 0.062393
0.149100, 0.062349
0.149200, 0.062302
0.149300, 0.062265
0.149400, 0.062222
0.149500, 0.062174
0.149600, 0.062143
0.149700, 0.062099
0.149800, 0.062048
0.149900, 0.062012
0.150000, 0.061975
0.150100, 0.061922
0.150200, 0.061886
0.150300, 0.061853
0.150400, 0.061789
0.150500, 0.061758
0.150600, 0.061714
0.150700, 0.061668
0.150800, 0.061630
0.150900, 0.061588
0.151000, 0.061558
0.151100, 0.061499
0.151200, 0.061462
0.151300, 0.061424
0.151400, 0.061377
0.151500, 0.061333
0.151600, 0.061293
0.151700, 0.061245
0.151800, 0.061201
0.151900, 0.061153
0.152000, 0.061111
0.152100, 0.061068
0.152200, 0.061033
0.152300, 0.060993
0.152400, 0.060949
0.152500, 0.060907
0.152600, 0.060860
0.152700, 0.060816
0.152800, 0.060774
0.152900, 0.060719
0.153000, 0.060682
0.153100, 0.060640
0.153200, 0.060585
0.153300, 0.060560
0.153400, 0.060499
0.153500, 0.060463
0.153600, 0.060415
0.153700, 0.060375
0.153800, 0.060326
0.153900, 0.060293
0.154000, 0.060251
0.154100, 0.060202
0.154200, 0.060148
0.154300, 0.060108
0.154400, 0.060074
0.154500, 0.060028
0.154600, 0.059977
0.154700, 0.059929
0.154800, 0.059895
0.154900, 0.059853
0.155000, 0.059814
0.155100, 0.059765
0.155200, 0.059721
0.155300, 0.059671
0.155400, 0.059624
0.155500, 0.059584
0.155600, 0.059534
0.155700, 0.059488
0.155800, 0.059446
0.155900, 0.059408
0.156000, 0.059359
0.156100, 0.059315
0.156200, 0.059278
0.156300, 0.059227
0.156400, 0.059181
0.156500, 0.059145
0.156600, 0.059084
0.156700, 0.059055
0.156800, 0.059004
0.156900, 0.058960
0.157000, 0.058918
0.157100, 0.058876
0.157200, 0.058834
0.157300, 0.058781
0.157400, 0.058733
0.157500, 0.058689
0.157600, 0.058647
0.157700, 0.058605
0.157800, 0.058567
0.157900, 0.058510
0.158000, 0.058468
0.158100, 0.058420
0.158200, 0.058376
0.158300, 0.058338
0.158400, 0.058289
0.158500, 0.058245
0.158600, 0.058205
0.158700, 0.058153
0.158800, 0.058104
0.158900, 0.058064
0.159000, 0.058023
0.159100, 0.057978
0.159200, 0.057934
0.159300, 0.057886
0.159400, 0.057844
0.159500, 0.057787
0.159600, 0.057758
0.159700, 0.057699
0.159800, 0.057657
0.159900, 0.057619
0.160000, 0.057564
0.160100, 0.057533
0.160200, 0.057486
0.160300, 0.057438
0.160400, 0.057398
0.160500, 0.057346
0.160600, 0.057302
0.160700, 0.057255
0.160800, 0.057209
0.160900, 0.057165
0.161000, 0.057121
0.161100, 0.057066
0.161200, 0.057030
0.161300, 0.056982
0.161400, 0.056946
0.161500, 0.056898
0.161600, 0.056849
0.161700, 0.056812
0.161800, 0.056767
0.161900, 0.056702
0.162000, 0.056679
0.162100, 0.056639
0.162200, 0.056578
0.162300, 0.056538
0.162400, 0.056490
0.162500, 0.056446
0.162600, 0.056402
0.162700, 0.056355
0.162800, 0.056311
0.162900, 0.056273
0.163000, 0.056213
0.163100, 0.056173
0.163200, 0.056120
0.163300, 0.056086
0.163400, 0.056044
0.163500, 0.056000
0.163600, 0.055958
0.163700, 0.055910
0.163800, 0.055862
0.163900, 0.055824
0.164000, 0.055771
0.164100, 0.055725
0.164200, 0.055687
0.164300, 0.055628
0.164400, 0.055593
0.164500, 0.055548
0.164600, 0.055504
0.164700, 0.055454
0.164800, 0.055410
0.164900, 0.055365
0.165000, 0.055317
0.165100, 0.055281
0.165200, 0.055241
0.165300, 0.055195
0.165400, 0.055145
0.165500, 0.055101
0.165600, 0.055056
0.165700, 0.055017
0.165800, 0.054966
0.165900, 0.054934
0.166000, 0.054892
0.166100, 0.054829
0.166200, 0.054779
0.166300, 0.054752
0.166400, 0.054697
0.166500, 0.054651
0.166600, 0.054615
0.166700, 0.054575
0.166800, 0.054527
0.166900, 0.054480
0.167000, 0.054445
0.167100, 0.054392
0.167200, 0.054350
0.167300, 0.054310
0.167400, 0.054266
0.167500, 0.054230
0.167600, 0.054174
0.167700, 0.054131
0.167800, 0.054085
0.167900, 0.054047
0.168000, 0.054007
0.168100, 0.053961
0.168200, 0.053907
0.168300, 0.053871
0.168400, 0.053818
0.168500, 0.053782
0.168600, 0.053734
0.168700, 0.053696
0.168800, 0.053656
0.168900, 0.053608
0.169000, 0.053562
0.169100, 0.053526
0.169200, 0.053478
0.169300, 0.053446
0.169400, 0.053404
0.169500, 0.053354
0.169600, 0.053307
0.169700, 0.053261
0.169800, 0.053217
0.169900, 0.053179
0.170000, 0.053144
0.170100, 0.053091
0.170200, 0.053040
0.170300, 0.053005
0.170400, 0.052967
0.170500, 0.052917
0.170600, 0.052883
0.170700, 0.052837
0.170800, 0.052794
0.170900, 0.052740
0.171000, 0.052719
0.171100, 0.052662
0.171200, 0.052629
0.171300, 0.052588
0.171400, 0.052542
0.171500, 0.052500
0.171600, 0.052456
0.171700, 0.052412
0.171800, 0.052372
0.171900, 0.052332
0.172000, 0.052294
0.172100, 0.052252
0.172200, 0.052208
0.172300, 0.052162
0.172400, 0.052124
0.172500, 0.052078
0.172600, 0.052034
0.172700, 0.051996
0.172800, 0.051954
0.172900, 0.051916
0.173000, 0.051868
0.173100, 0.051832
0.173200, 0.051802
0.173300, 0.051752
0.173400, 0.051716
0.173500, 0.051676
0.173600, 0.051643
0.173700, 0.051598
0.173800, 0.051546
0.173900, 0.051506
0.174000, 0.051466
0.174100, 0.051430
0.174200, 0.051388
0.174300, 0.051357
0.174400, 0.051308
0.174500, 0.051268
0.174600, 0.051231
0.174700, 0.051191
0.174800, 0.051151
0.174900, 0.051102
0.175000, 0.051062
0.175100, 0.051031
0.175200, 0.050995
0.175300, 0.050953
0.175400, 0.050915
0.175500, 0.050869
0.175600, 0.050827
0.175700, 0.050795
0.175800, 0.050756
0.175900, 0.050711
0.176000, 0.050673
0.176100, 0.050642
0.176200, 0.050600
0.176300, 0.050571
0.176400, 0.050526
0.176500, 0.050484
0.176600, 0.050446
0.176700, 0.050409
0.176800, 0.050371
0.176900, 0.050337
0.177000, 0.050285
0.177100, 0.050257
0.177200, 0.050215
0.177300, 0.050192
0.177400, 0.050150
0.177500, 0.050100
0.177600, 0.050070
0.177700, 0.050024
0.177800, 0.049994
0.177900, 0.049953
0.178000, 0.049911
0.178100, 0.049873
0.178200, 0.049845
0.178300, 0.049793
0.178400, 0.049761
0.178500, 0.049728
0.178600, 0.049694
0.178700, 0.049654
0.178800, 0.049620
0.178900, 0.049582
0.179000, 0.049543
0.179100, 0.049500
0.179200, 0.049465
0.179300, 0.049429
0.179400, 0.049404
0.179500, 0.049364
0.179600, 0.049322
0.179700, 0.049286
0.179800, 0.049252
0.179900, 0.049212
0.180000, 0.049181
0.180100, 0.049149
0.180200, 0.049118
0.180300, 0.049070
0.180400, 0.049044
0.180500, 0.049004
0.180600, 0.048964
0.180700, 0.048937
0.180800, 0.048904
0.180900, 0.048866
0.181000, 0.048828
0.181100, 0.048792
0.181200, 0.048756
0.181300, 0.048725
0.181400, 0.048685
0.181500, 0.048651
0.181600, 0.048616
0.181700, 0.048588
0.181800, 0.048536
0.181900, 0.048512
0.182000, 0.048487
0.182100, 0.048449
0.182200, 0.048422
0.182300, 0.048384
0.182400, 0.048351
0.182500, 0.048315
0.182600, 0.048279
0.182700, 0.048246
0.182800, 0.048218
0.182900, 0.048174
0.183000, 0.048145
0.183100, 0.048115
0.183200, 0.048077
0.183300, 0.048046
0.183400, 0.048014
0.183500, 0.047989
0.183600, 0.047937
0.183700, 0.047916
0.183800, 0.047878
0.183900, 0.047844
0.184000, 0.047817
0.184100, 0.047783
0.184200, 0.047756
0.184300, 0.047718
0.184400, 0.047674
0.184500, 0.047655
0.184600, 0.047619
0.184700, 0.047588
0.184800, 0.047560
0.184900, 0.047521
0.185000, 0.047482
0.185100, 0.047460
0.185200, 0.047435
0.185300, 0.047403
0.185400, 0.047370
0.185500, 0.047332
0.185600, 0.047303
0.185700, 0.047273
0.185800, 0.047242
0.185900, 0.047215
0.186000, 0.047177
0.186100, 0.047137
0.186200, 0.047117
0.186300, 0.047081
0.186400, 0.047054
0.186500, 0.047024
0.186600, 0.046991
0.186700, 0.046965
0.186800, 0.046924
0.186900, 0.046904
0.187000, 0.046869
0.187100, 0.046843
0.187200, 0.046813
0.187300, 0.046782
0.187400, 0.046756
0.187500, 0.046717
0.187600, 0.046679
0.187700, 0.046671
0.187800, 0.046629
0.187900, 0.046608
0.188000, 0.046573
0.188100, 0.046541
0.188200, 0.046523
0.188300, 0.046482
0.188400, 0.046458
0.188500, 0.046428
0.188600, 0.046389
0.188700, 0.046366
0.188800, 0.046340
0.188900, 0.046303
0.189000, 0.046279
0.189100, 0.046249
0.189200, 0.046221
0.189300, 0.046198
0.189400, 0.046155
0.189500, 0.046139
0.189600, 0.046098
0.189700, 0.046064
0.189800, 0.046050
0.189900, 0.046024
0.190000, 0.045996
0.190100, 0.045964
0.190200, 0.045938
0.190300, 0.045906
0.190400, 0.045887
0.190500, 0.045853
0.190600, 0.045829
0.190700, 0.045796
0.190800, 0.045769
0.190900, 0.045733
0.191000, 0.045710
0.191100, 0.045686
0.191200, 0.045665
0.191300, 0.045625
0.191400, 0.045595
0.191500, 0.045578
0.191600, 0.045553
0.191700, 0.045526
0.191800, 0.045495
0.191900, 0.045466
0.192000, 0.045443
0.192100, 0.045416
0.192200, 0.045387
0.192300, 0.045354
0.192400, 0.045336
0.192500, 0.045306
0.192600, 0.045274
0.192700, 0.045254
0.192800, 0.045229
0.192900, 0.045193
0.193000, 0.045177
0.193100, 0.045143
0.193200, 0.045120
0.193300, 0.045104
0.193400, 0.045061
0.193500, 0.045040
0.193600, 0.045012
0.193700, 0.044990
0.193800, 0.044964
0.193900, 0.044931
0.194000, 0.044904
0.194100, 0.044878
0.194200, 0.044865
0.194300, 0.044830
0.194400, 0.044806
0.194500, 0.044775
0.194600, 0.044754
0.194700, 0.044722
0.194800, 0.044707
0.194900, 0.044673
0.195000, 0.044641
0.195100, 0.044625
0.195200, 0.044599
0.195300, 0.044572
0.195400, 0.044539
0.195500, 0.044519
0.195600, 0.044504
0.195700, 0.044471
0.195800, 0.044444
0.195900, 0.044421
0.196000, 0.044397
0.196100, 0.044367
0.196200, 0.044347
0.196300, 0.044313
0.196400, 0.044294
0.196500, 0.044269
0.196600, 0.044244
0.196700, 0.044216
0.196800, 0.044190
0.196900, 0.044169
0.197000, 0.044141
0.197100, 0.044123
0.197200, 0.044098
0.197300, 0.044060
0.197400, 0.044048
0.197500, 0.044023
0.197600, 0.043992
0.197700, 0.043972
0.197800, 0.043948
0.197900, 0.043919
0.198000, 0.043895
0.198100, 0.043875
0.198200, 0.043848
0.198300, 0.043828
0.198400, 0.043797
0.198500, 0.043777
0.198600, 0.043750
0.198700, 0.043723
0.198800, 0.043697
0.198900, 0.043676
0.199000, 0.043650
0.199100, 0.043625
0.199200, 0.043598
0.199300, 0.043580
0.199400, 0.043556
0.199500, 0.043530
0.199600, 0.043507
0.199700, 0.043487
0.199800, 0.043457
0.199900, 0.043432
0.200000, 0.043410
0.200100, 0.043386
0.200200, 0.043363
0.200300, 0.043339
0.200400, 0.043315
0.200500, 0.043294
0.200600, 0.043262
0.200700, 0.043244
0.200800, 0.043221
0.200900, 0.043196
0.201000, 0.043168
0.201100, 0.043148
0.201200, 0.043124
0.201300, 0.043101
0.201400, 0.043074
0.201500, 0.043049
0.201600, 0.043033
0.201700, 0.043012
0.201800, 0.042978
0.201900, 0.042962
0.202000, 0.042930
0.202100, 0.042917
0.202200, 0.042887
0.202300, 0.042859
0.202400, 0.042838
0.202500, 0.042814
0.202600, 0.042783
0.202700, 0.042766
0.202800, 0.042742
0.202900, 0.042718
0.203000, 0.042692
0.203100, 0.042670
0.203200, 0.042642
0.203300, 0.042618
0.203400, 0.042599
0.203500, 0.042581
0.203600, 0.042549
0.203700, 0.042520
0.203800, 0.042500
0.203900, 0.042478
0.204000, 0.042451
0.204100, 0.042431
0.204200, 0.042408
0.204300, 0.042385
0.204400, 0.042359
0.204500, 0.042336
0.204600, 0.042311
0.204700, 0.042283
0.204800, 0.042263
0.204900, 0.042238
0.205000, 0.042214
0.205100, 0.042196
0.205200, 0.042167
0.205300, 0.042148
0.205400, 0.042117
0.205500, 0.042090
0.205600, 0.042074
0.205700, 0.042048
0.205800, 0.042029
0.205900, 0.042006
0.206000, 0.041975
0.206100, 0.041948
0.206200, 0.041928
0.206300, 0.041902
0.206400, 0.041882
0.206500, 0.041856
0.206600, 0.041833
0.206700, 0.041809
0.206800, 0.041780
0.206900, 0.041760
0.207000, 0.041734
0.207100, 0.041711
0.207200, 0.041683
0.207300, 0.041661
0.207400, 0.041636
0.207500, 0.041611
0.207600, 0.041591
0.207700, 0.041566
0.207800, 0.041535
0.207900, 0.041514
0.208000, 0.041498
0.208100, 0.041469
0.208200, 0.041441
0.208300, 0.041421
0.208400, 0.041400
0.208500, 0.041374
0.208600, 0.041345
0.208700, 0.041319
0.208800, 0.041292
0.208900, 0.041275
0.209000, 0.041248
0.209100, 0.041222
0.209200, 0.041199
0.209300, 0.041176
0.209400, 0.041148
0.209500, 0.041127
0.209600, 0.041100
0.209700, 0.041080
0.209800, 0.041053
0.209900, 0.041033
0.210000, 0.041004
0.210100, 0.040979
0.210200, 0.040958
0.210300, 0.040930
0.210400, 0.040905
0.210500, 0.040882
0.210600, 0.040853
0.210700, 0.040828
0.210800, 0.040804
0.210900, 0.040779
0.211000, 0.040755
0.211100, 0.040736
0.211200, 0.040706
0.211300, 0.040680
0.211400, 0.040658
0.211500, 0.040633
0.211600, 0.040606
0.211700, 0.040579
0.211800, 0.040555
0.211900, 0.040529
0.212000, 0.040507
0.212100, 0.040478
0.212200, 0.040449
0.212300, 0.040428
0.212400, 0.040406
0.212500, 0.040377
0.212600, 0.040355
0.212700, 0.040329
0.212800, 0.040304
0.212900, 0.040283
0.213000, 0.040256
0.213100, 0.040227
0.213200, 0.040198
0.213300, 0.040176
0.213400, 0.040154
0.213500, 0.040128
0.213600, 0.040097
0.213700, 0.040076
0.213800, 0.040045
0.213900, 0.040023
0.214000, 0.039992
0.214100, 0.039971
0.214200, 0.039948
0.214300, 0.039918
0.214400, 0.039893
0.214500, 0.039865
0.214600, 0.039838
0.214700, 0.039819
0.214800, 0.039793
0.214900, 0.039765
0.215000, 0.039735
0.215100, 0.039704
0.215200, 0.039690
0.215300, 0.039660
0.215400, 0.039635
0.215500, 0.039607
0.215600, 0.039581
0.215700, 0.039549
0.215800, 0.039529
0.215900, 0.039501
0.216000, 0.039479
0.216100, 0.039448
0.216200, 0.039419
0.216300, 0.039394
0.216400, 0.039371
0.216500, 0.039341
0.216600, 0.039318
0.216700, 0.039289
0.216800, 0.039269
0.216900, 0.039239
0.217000, 0.039208
0.217100, 0.039178
0.217200, 0.039162
0.217300, 0.039127
0.217400, 0.039102
0.217500, 0.039075
0.217600, 0.039051
0.217700, 0.039022
0.217800, 0.038992
0.217900, 0.038969
0.218000, 0.038940
0.218100, 0.038914
0.218200, 0.038891
0.218300, 0.038862
0.218400, 0.038832
0.218500, 0.038807
0.218600, 0.038777
0.218700, 0.038755
0.218800, 0.038722
0.218900, 0.038697
0.219000, 0.038670
0.219100, 0.038643
0.219200, 0.038615
0.219300, 0.038591
0.219400, 0.038558
0.219500, 0.038534
0.219600, 0.038507
0.219700, 0.038481
0.219800, 0.038453
0.219900, 0.038421
0.220000, 0.038397
0.220100, 0.038366
0.220200, 0.038339
0.220300, 0.038316
0.220400, 0.038280
0.220500, 0.038253
0.220600, 0.038224
0.220700, 0.038204
0.220800, 0.038177
0.220900, 0.038148
0.221000, 0.038122
0.221100, 0.038095
0.221200, 0.038064
0.221300, 0.038036
0.221400, 0.038005
0.221500, 0.037977
0.221600, 0.037951
0.221700, 0.037922
0.221800, 0.037890
0.221900, 0.037866
0.222000, 0.037839
0.222100, 0.037806
0.222200, 0.037783
0.222300, 0.037754
0.222400, 0.037724
0.222500, 0.037697
0.222600, 0.037671
0.222700, 0.037640
0.222800, 0.037611
0.222900, 0.037580
0.223000, 0.037553
0.223100, 0.037523
0.223200, 0.037500
0.223300, 0.037472
0.223400, 0.037442
0.223500, 0.037411
0.223600, 0.037383
0.223700, 0.037354
0.223800, 0.037323
0.223900, 0.037295
0.224000, 0.037269
0.224100, 0.037239
0.224200, 0.037215
0.224300, 0.037186
0.224400, 0.037156
0.224500, 0.037120
0.224600, 0.037098
0.224700, 0.037077
0.224800, 0.037040
0.224900, 0.037009
0.225000, 0.036984
0.225100, 0.036952
0.225200, 0.036921
0.225300, 0.036896
0.225400, 0.036867
0.225500, 0.036839
0.225600, 0.036806
0.225700, 0.036776
0.225800, 0.036754
0.225900, 0.036721
0.226000, 0.036691
0.226100, 0.036659
0.226200, 0.036633
0.226300, 0.036604
0.226400, 0.036577
0.226500, 0.036551
0.226600, 0.036512
0.226700, 0.036486
0.226800, 0.036462
0.226900, 0.036429
0.227000, 0.036400
0.227100, 0.036371
0.227200, 0.036344
0.227300, 0.036317
0.227400, 0.036281
0.227500, 0.036252
0.227600, 0.036228
0.227700, 0.036201
0.227800, 0.036164
0.227900, 0.036136
0.228000, 0.036108
0.228100, 0.036077
0.228200, 0.036052
0.228300, 0.036017
0.228400, 0.035989
0.228500, 0.035962
0.228600, 0.035932
0.228700, 0.035900
0.228800, 0.035872
0.228900, 0.035846
0.229000, 0.035811
0.229100, 0.035783
0.229200, 0.035757
0.229300, 0.035722
0.229400, 0.035695
0.229500, 0.035668
0.229600, 0.035638
0.229700, 0.035609
0.229800, 0.035582
0.229900, 0.035552
0.230000, 0.035520
0.230100, 0.035491
0.230200, 0.035461
0.230300, 0.035430
0.230400, 0.035406
0.230500, 0.035376
0.230600, 0.035342
0.230700, 0.035311
0.230800, 0.035281
0.230900, 0.035248
0.231000, 0.035221
0.231100, 0.035198
0.231200, 0.035164
0.231300, 0.035137
0.231400, 0.035103
0.231500, 0.035072
0.231600, 0.035046
0.231700, 0.035019
0.231800, 0.034985
0.231900, 0.034958
0.232000, 0.034926
0.232100, 0.034898
0.232200, 0.034867
0.232300, 0.034841
0.232400, 0.034810
0.232500, 0.034783
0.232600, 0.034751
0.232700, 0.034725
0.232800, 0.034694
0.232900, 0.034662
0.233000, 0.034631
0.233100, 0.034606
0.233200, 0.034572
0.233300, 0.034548
0.233400, 0.034520
0.233500, 0.034487
0.233600, 0.034456
0.233700, 0.034431
0.233800, 0.034401
0.233900, 0.034366
0.234000, 0.034343
0.234100, 0.034310
0.234200, 0.034281
0.234300, 0.034253
0.234400, 0.034217
0.234500, 0.034192
0.234600, 0.034162
0.234700, 0.034134
0.234800, 0.034108
0.234900, 0.034076
0.235000, 0.034050
0.235100, 0.034015
0.235200, 0.033989
0.235300, 0.033959
0.235400, 0.033928
0.235500, 0.033901
0.235600, 0.033870
0.235700, 0.033842
0.235800, 0.033817
0.235900, 0.033785
0.236000, 0.033753
0.236100, 0.033726
0.236200, 0.033695
0.236300, 0.033665
0.236400, 0.033641
0.236500, 0.033612
0.236600, 0.033581
0.236700, 0.033550
0.236800, 0.033523
0.236900, 0.033490
0.237000, 0.033463
0.237100, 0.033434
0.237200, 0.033406
0.237300, 0.033379
0.237400, 0.033353
0.237500, 0.033318
0.237600, 0.033291
0.237700, 0.033262
0.237800, 0.033232
0.237900, 0.033206
0.238000, 0.033172
0.238100, 0.033143
0.238200, 0.033122
0.238300, 0.033091
0.238400, 0.033067
0.238500, 0.033036
0.238600, 0.033011
0.238700, 0.032977
0.238800, 0.032949
0.238900, 0.032918
0.239000, 0.032890
0.239100, 0.032864
0.239200, 0.032834
0.239300, 0.032809
0.239400, 0.032779
0.239500, 0.032746
0.239600, 0.032723
0.239700, 0.032694
0.239800, 0.032665
0.239900, 0.032638
0.240000, 0.032606
0.240100, 0.032580
0.240200, 0.032551
0.240300, 0.032523
0.240400, 0.032495
0.240500, 0.032472
0.240600, 0.032438
0.240700, 0.032412
0.240800, 0.032386
0.240900, 0.032356
0.241000, 0.032329
0.241100, 0.032301
0.241200, 0.032276
0.241300, 0.032245
0.241400, 0.032215
0.241500, 0.032188
0.241600, 0.032163
0.241700, 0.032135
0.241800, 0.032105
0.241900, 0.032080
0.242000, 0.032055
0.242100, 0.032025
0.242200, 0.031998
0.242300, 0.031971
0.242400, 0.031944
0.242500, 0.031920
0.242600, 0.031893
0.242700, 0.031863
0.242800, 0.031834
0.242900, 0.031810
0.243000, 0.031784
0.243100, 0.031752
0.243200, 0.031729
0.243300, 0.031699
0.243400, 0.031670
0.243500, 0.031645
0.243600, 0.031620
0.243700, 0.031591
0.243800, 0.031563
0.243900, 0.031539
0.244000, 0.031512
0.244100, 0.031485
0.244200, 0.031461
0.244300, 0.031432
0.244400, 0.031407
0.244500, 0.031378
0.244600, 0.031352
0.244700, 0.031326
0.244800, 0.031300
0.244900, 0.031275
0.245000, 0.031247
0.245100, 0.031222
0.245200, 0.031196
0.245300, 0.031172
0.245400, 0.031140
0.245500, 0.031116
0.245600, 0.031088
0.245700, 0.031066
0.245800, 0.031040
0.245900, 0.031014
0.246000, 0.030987
0.246100, 0.030957
0.246200, 0.030934
0.246300, 0.030910
0.246400, 0.030885
0.246500, 0.030859
0.246600, 0.030836
0.246700, 0.030810
0.246800, 0.030785
0.246900, 0.030758
0.247000, 0.030733
0.247100, 0.030705
0.247200, 0.030683
0.247300, 0.030660
0.247400, 0.030631
0.247500, 0.030609
0.247600, 0.030582
0.247700, 0.030558
0.247800, 0.030531
0.247900, 0.030505
0.248000, 0.030478
0.248100, 0.030457
0.248200, 0.030429
0.248300, 0.030408
0.248400, 0.030380
0.248500, 0.030359
0.248600, 0.030333
0.248700, 0.030311
0.248800, 0.030283
0.248900, 0.030263
0.249000, 0.030237
0.249100, 0.030215
0.249200, 0.030191
0.249300, 0.030164
0.249400, 0.030138
0.249500, 0.030117
0.249600, 0.030092
0.249700, 0.030069
0.249800, 0.030043
0.249900, 0.030020
0.250000, 0.029993
0.250100, 0.029974
0.250200, 0.029950
0.250300, 0.029926
0.250400, 0.029901
0.250500, 0.029879
0.250600, 0.029853
0.250700, 0.029830
0.250800, 0.029810
0.250900, 0.029782
0.251000, 0.029758
0.251100, 0.029737
0.251200, 0.029715
0.251300, 0.029688
0.251400, 0.029668
0.251500, 0.029645
0.251600, 0.029621
0.251700, 0.029600
0.251800, 0.029576
0.251900, 0.029549
0.252000, 0.029530
0.252100, 0.029508
0.252200, 0.029483
0.252300, 0.029459
0.252400, 0.029438
0.252500, 0.029417
0.252600, 0.029394
0.252700, 0.029371
0.252800, 0.029351
0.252900, 0.029328
0.253000, 0.029305
0.253100, 0.029286
0.253200, 0.029259
0.253300, 0.029240
0.253400, 0.029217
0.253500, 0.029194
0.253600, 0.029172
0.253700, 0.029151
0.253800, 0.029125
0.253900, 0.029108
0.254000, 0.029083
0.254100, 0.029062
0.254200, 0.029039
0.254300, 0.029019
0.254400, 0.028996
0.254500, 0.028978
0.254600, 0.028955
0.254700, 0.028934
0.254800, 0.028913
0.254900, 0.028889
0.255000, 0.028871
0.255100, 0.028849
0.255200, 0.028825
0.255300, 0.028803
0.255400, 0.028787
0.255500, 0.028761
0.255600, 0.028743
0.255700, 0.028722
0.255800, 0.028702
0.255900, 0.028682
0.256000, 0.028659
0.256100, 0.028636
0.256200, 0.028617
0.256300, 0.028598
0.256400, 0.028575
0.256500, 0.028557
0.256600, 0.028537
0.256700, 0.028513
0.256800, 0.028493
0.256900, 0.028471
0.257000, 0.028451
0.257100, 0.028433
0.257200, 0.028409
0.257300, 0.028390
0.257400, 0.028372
0.257500, 0.028352
0.257600, 0.028331
0.257700, 0.028313
0.257800, 0.028293
0.257900, 0.028269
0.258000, 0.028255
0.258100, 0.028233
0.258200, 0.028211
0.258300, 0.028193
0.258400, 0.028172
0.258500, 0.028156
0.258600, 0.028133
0.258700, 0.028113
0.258800, 0.028095
0.258900, 0.028075
0.259000, 0.028054
0.259100, 0.028036
0.259200, 0.028017
0.259300, 0.027996
0.259400, 0.027984
0.259500, 0.027954
0.259600, 0.027941
0.259700, 0.027920
0.259800, 0.027901
0.259900, 0.027881
0.260000, 0.027864
0.260100, 0.027847
0.260200, 0.027824
0.260300, 0.027805
0.260400, 0.027786
0.260500, 0.027771
0.260600, 0.027750
0.260700, 0.027733
0.260800, 0.027714
0.260900, 0.027694
0.261000, 0.027677
0.261100, 0.027658
0.261200, 0.027636
0.261300, 0.027620
0.261400, 0.027604
0.261500, 0.027581
0.261600, 0.027564
0.261700, 0.027546
0.261800, 0.027526
0.261900, 0.027509
0.262000, 0.027492
0.262100, 0.027474
0.262200, 0.027454
0.262300, 0.027436
0.262400, 0.027419
0.262500, 0.027402
0.262600, 0.027383
0.262700, 0.027364
0.262800, 0.027345
0.262900, 0.027328
0.263000, 0.027310
0.263100, 0.027295
0.263200, 0.027272
0.263300, 0.027258
0.263400, 0.027241
0.263500, 0.027222
0.263600, 0.027205
0.263700, 0.027187
0.263800, 0.027169
0.263900, 0.027152
0.264000, 0.027133
0.264100, 0.027117
0.264200, 0.027099
0.264300, 0.027082
0.264400, 0.027062
0.264500, 0.027046
0.264600, 0.027031
0.264700, 0.027009
0.264800, 0.026994
0.264900, 0.026977
0.265000, 0.026959
0.265100, 0.026943
0.265200, 0.026924
0.265300, 0.026906
0.265400, 0.026894
0.265500, 0.026875
0.265600, 0.026854
0.265700, 0.026838
0.265800, 0.026822
0.265900, 0.026806
0.266000, 0.026787
0.266100, 0.026770
0.266200, 0.026756
0.266300, 0.026739
0.266400, 0.026721
0.266500, 0.026706
0.266600, 0.026687
0.266700, 0.026669
0.266800, 0.026652
0.266900, 0.026637
0.267000, 0.026619
0.267100, 0.026602
0.267200, 0.026588
0.267300, 0.026570
0.267400, 0.026553
0.267500, 0.026533
0.267600, 0.026518
0.267700, 0.026503
0.267800, 0.026488
0.267900, 0.026470
0.268000, 0.026451
0.268100, 0.026434
0.268200, 0.026422
0.268300, 0.026403
0.268400, 0.026386
0.268500, 0.026369
0.268600, 0.026354
0.268700, 0.026338
0.268800, 0.026321
0.268900, 0.026304
0.269000, 0.026288
0.269100, 0.026272
0.269200, 0.026256
0.269300, 0.026240
0.269400, 0.026223
0.269500, 0.026207
0.269600, 0.026190
0.269700, 0.026176
0.269800, 0.026155
0.269900, 0.026142
0.270000, 0.026124
0.270100, 0.026108
0.270200, 0.026090
0.270300, 0.026076
0.270400, 0.026060
0.270500, 0.026044
0.270600, 0.026029
0.270700, 0.026011
0.270800, 0.025992
0.270900, 0.025977
0.271000, 0.025963
0.271100, 0.025947
0.271200, 0.025931
0.271300, 0.025918
0.271400, 0.025899
0.271500, 0.025883
0.271600, 0.025865
0.271700, 0.025847
0.271800, 0.025832
0.271900, 0.025820
0.272000, 0.025801
0.272100, 0.025786
0.272200, 0.025770
0.272300, 0.025751
0.272400, 0.025735
0.272500, 0.025719
0.272600, 0.025705
0.272700, 0.025689
0.272800, 0.025670
0.272900, 0.025657
0.273000, 0.025642
0.273100, 0.025625
0.273200, 0.025609
0.273300, 0.025592
0.273400, 0.025577
0.273500, 0.025561
0.273600, 0.025545
0.273700, 0.025530
0.273800, 0.025515
0.273900, 0.025497
0.274000, 0.025479
0.274100, 0.025463
0.274200, 0.025448
0.274300, 0.025432
0.274400, 0.025416
0.274500, 0.025401
0.274600, 0.025384
0.274700, 0.025368
0.274800, 0.025352
0.274900, 0.025340
0.275000, 0.025319
0.275100, 0.025305
0.275200, 0.025287
0.275300, 0.025272
0.275400, 0.025256
0.275500, 0.025240
0.275600, 0.025225
0.275700, 0.025209
0.275800, 0.025192
0.275900, 0.025176
0.276000, 0.025160
0.276100, 0.025146
0.276200, 0.025128
0.276300, 0.025113
0.276400, 0.025095
0.276500, 0.025078
0.276600, 0.025061
0.276700, 0.025046
0.276800, 0.025033
0.276900, 0.025015
0.277000, 0.025000
0.277100, 0.024982
0.277200, 0.024966
0.277300, 0.024950
0.277400, 0.024933
0.277500, 0.024919
0.277600, 0.024905
0.277700, 0.024885
0.277800, 0.024869
0.277900, 0.024853
0.278000, 0.024836
0.278100, 0.024821
0.278200, 0.024804
0.278300, 0.024788
0.278400, 0.024772
0.278500, 0.024755
0.278600, 0.024739
0.278700, 0.024722
0.278800, 0.024707
0.278900, 0.024690
0.279000, 0.024671
0.279100, 0.024658
0.279200, 0.024640
0.279300, 0.024623
0.279400, 0.024609
0.279500, 0.024591
0.279600, 0.024576
0.279700, 0.024559
0.279800, 0.024542
0.279900, 0.024528
0.280000, 0.024508
0.280100, 0.024492
0.280200, 0.024476
0.280300, 0.024460
0.280400, 0.024443
0.280500, 0.024430
0.280600, 0.024409
0.280700, 0.024394
0.280800, 0.024376
0.280900, 0.024361
0.281000, 0.024344
0.281100, 0.024328
0.281200, 0.024310
0.281300, 0.024292
0.281400, 0.024277
0.281500, 0.024262
0.281600, 0.024244
0.281700, 0.024227
0.281800, 0.024213
0.281900, 0.024193
0.282000, 0.024176
0.282100, 0.024160
0.282200, 0.024142
0.282300, 0.024128
0.282400, 0.024107
0.282500, 0.024092
0.282600, 0.024077
0.282700, 0.024058
0.282800, 0.024043
0.282900, 0.024022
0.283000, 0.024007
0.283100, 0.023988
0.283200, 0.023974
0.283300, 0.023956
0.283400, 0.023941
0.283500, 0.023924
0.283600, 0.023904
0.283700, 0.023889
0.283800, 0.023870
0.283900, 0.023856
0.284000, 0.023836
0.284100, 0.023820
0.284200, 0.023804
0.284300, 0.023784
0.284400, 0.023766
0.284500, 0.023751
0.284600, 0.023730
0.284700, 0.023714
0.284800, 0.023698
0.284900, 0.023679
0.285000, 0.023662
0.285100, 0.023645
0.285200, 0.023628
0.285300, 0.023610
0.285400, 0.023592
0.285500, 0.023576
0.285600, 0.023557
0.285700, 0.023539
0.285800, 0.023524
0.285900, 0.023505
0.286000, 0.023488
0.286100, 0.023471
0.286200, 0.023453
0.286300, 0.023433
0.286400, 0.023416
0.286500, 0.023397
0.286600, 0.023381
0.286700, 0.023362
0.286800, 0.023346
0.286900, 0.023327
0.287000, 0.023309
0.287100, 0.023293
0.287200, 0.023274
0.287300, 0.023257
0.287400, 0.023238
0.287500, 0.023224
0.287600, 0.023202
0.287700, 0.023184
0.287800, 0.023167
0.287900, 0.023149
0.288000, 0.023130
0.288100, 0.023112
0.288200, 0.023093
0.288300, 0.023075
0.288400, 0.023058
0.288500, 0.023039
0.288600, 0.023022
0.288700, 0.023001
0.288800, 0.022985
0.288900, 0.022967
0.289000, 0.022950
0.289100, 0.022930
0.289200, 0.022912
0.289300, 0.022892
0.289400, 0.022874
0.289500, 0.022857
0.289600, 0.022837
0.289700, 0.022821
0.289800, 0.022799
0.289900, 0.022783
0.290000, 0.022765
0.290100, 0.022745
0.290200, 0.022727
0.290300, 0.022710
0.290400, 0.022689
0.290500, 0.022673
0.290600, 0.022654
0.290700, 0.022634
0.290800, 0.022614
0.290900, 0.022598
0.291000, 0.022579
0.291100, 0.022562
0.291200, 0.022541
0.291300, 0.022521
0.291400, 0.022502
0.291500, 0.022485
0.291600, 0.022465
0.291700, 0.022446
0.291800, 0.022430
0.291900, 0.022407
0.292000, 0.022389
0.292100, 0.022371
0.292200, 0.022351
0.292300, 0.022332
0.292400, 0.022314
0.292500, 0.022294
0.292600, 0.022275
0.292700, 0.022256
0.292800, 0.022237
0.292900, 0.022216
0.293000, 0.022201
0.293100, 0.022180
0.293200, 0.022162
0.293300, 0.022142
0.293400, 0.022125
0.293500, 0.022104
0.293600, 0.022083
0.293700, 0.022063
0.293800, 0.022044
0.293900, 0.022027
0.294000, 0.022009
0.294100, 0.021988
0.294200, 0.021970
0.294300, 0.021947
0.294400, 0.021928
0.294500, 0.021908
0.294600, 0.021890
0.294700, 0.021873
0.294800, 0.021851
0.294900, 0.021832
0.295000, 0.021812
0.295100, 0.021792
0.295200, 0.021774
0.295300, 0.021755
0.295400, 0.021735
0.295500, 0.021716
0.295600, 0.021697
0.295700, 0.021678
0.295800, 0.021657
0.295900, 0.021638
0.296000, 0.021618
0.296100, 0.021597
0.296200, 0.021579
0.296300, 0.021558
0.296400, 0.021540
0.296500, 0.021520
0.296600, 0.021497
0.296700, 0.021482
0.296800, 0.021460
0.296900, 0.021439
0.297000, 0.021420
0.297100, 0.021399
0.297200, 0.021381
0.297300, 0.021361
0.297400, 0.021343
0.297500, 0.021320
0.297600, 0.021301
0.297700, 0.021282
0.297800, 0.021260
0.297900, 0.021240
0.298000, 0.021223
0.298100, 0.021202
0.298200, 0.021183
0.298300, 0.021160
0.298400, 0.021141
0.298500, 0.021122
0.298600, 0.021103
0.298700, 0.021082
0.298800, 0.021060
0.298900, 0.021042
0.299000, 0.021020
0.299100, 0.021003
0.299200, 0.020984
0.299300, 0.020963
0.299400, 0.020941
0.299500, 0.020922
0.299600, 0.020901
0.299700, 0.020882
0.299800, 0.020862
0.299900, 0.020842
0.300000, 0.020822
0.300100, 0.020802
0.300200, 0.020781
0.300300, 0.020761
0.300400, 0.020739
0.300500, 0.020722
0.300600, 0.020701
0.300700, 0.020681
0.300800, 0.020660
0.300900, 0.020642
0.301000, 0.020620
0.301100, 0.020600
0.301200, 0.020582
0.301300, 0.020562
0.301400, 0.020539
0.301500, 0.020520
0.301600, 0.020500
0.301700, 0.020479
0.301800, 0.020459
0.301900, 0.020439
0.302000, 0.020419
0.302100, 0.020400
0.302200, 0.020378
0.302300, 0.020357
0.302400, 0.020339
0.302500, 0.020317
0.302600, 0.020298
0.302700, 0.020277
0.302800, 0.020257
0.302900, 0.020238
0.303000, 0.020216
0.303100, 0.020197
0.303200, 0.020175
0.303300, 0.020158
0.303400, 0.020137
0.303500, 0.020115
0.303600, 0.020097
0.303700, 0.020077
0.303800, 0.020057
0.303900, 0.020036
0.304000, 0.020016
0.304100, 0.019995
0.304200, 0.019976
0.304300, 0.019957
0.304400, 0.019936
0.304500, 0.019915
0.304600, 0.019894
0.304700, 0.019876
0.304800, 0.019852
0.304900, 0.019835
0.305000, 0.019816
0.305100, 0.019796
0.305200, 0.019776
0.305300, 0.019754
0.305400, 0.019735
0.305500, 0.019714
0.305600, 0.019693
0.305700, 0.019674
0.305800, 0.019654
0.305900, 0.019634
0.306000, 0.019614
0.306100, 0.019593
0.306200, 0.019572
0.306300, 0.019554
0.306400, 0.019533
0.306500, 0.019514
0.306600, 0.019494
0.306700, 0.019474
0.306800, 0.019454
0.306900, 0.019434
0.307000, 0.019413
0.307100, 0.019393
0.307200, 0.019373
0.307300, 0.019356
0.307400, 0.019336
0.307500, 0.019315
0.307600, 0.019295
0.307700, 0.019275
0.307800, 0.019254
0.307900, 0.019236
0.308000, 0.019214
0.308100, 0.019195
0.308200, 0.019176
0.308300, 0.019157
0.308400, 0.019135
0.308500, 0.019115
0.308600, 0.019096
0.308700, 0.019076
0.308800, 0.019058
0.308900, 0.019035
0.309000, 0.019017
0.309100, 0.019000
0.309200, 0.018979
0.309300, 0.018960
0.309400, 0.018939
0.309500, 0.018919
0.309600, 0.018899
0.309700, 0.018881
0.309800, 0.018861
0.309900, 0.018840
0.310000, 0.018822
0.310100, 0.018803
0.310200, 0.018783
0.310300, 0.018765
0.310400, 0.018743
0.310500, 0.018724
0.310600, 0.018704
0.310700, 0.018686
0.310800, 0.018665
0.310900, 0.018644
0.311000, 0.018627
0.311100, 0.018605
0.311200, 0.018588
0.311300, 0.018569
0.311400, 0.018549
0.311500, 0.018530
0.311600, 0.018510
0.311700, 0.018493
0.311800, 0.018470
0.311900, 0.018454
0.312000, 0.018434
0.312100, 0.018415
0.312200, 0.018396
0.312300, 0.018377
0.312400, 0.018357
0.312500, 0.018339
0.312600, 0.018321
0.312700, 0.018301
0.312800, 0.018283
0.312900, 0.018262
0.313000, 0.018243
0.313100, 0.018225
0.313200, 0.018206
0.313300, 0.018187
0.313400, 0.018168
0.313500, 0.018151
0.313600, 0.018130
0.313700, 0.018112
0.313800, 0.018092
0.313900, 0.018074
0.314000, 0.018055
0.314100, 0.018038
0.314200, 0.018020
0.314300, 0.017999
0.314400, 0.017981
0.314500, 0.017963
0.314600, 0.017944
0.314700, 0.017924
0.314800, 0.017908
0.314900, 0.017889
0.315000, 0.017871
0.315100, 0.017850
0.315200, 0.017833
0.315300, 0.017815
0.315400, 0.017796
0.315500, 0.017778
0.315600, 0.017759
0.315700, 0.017742
0.315800, 0.017724
0.315900, 0.017706
0.316000, 0.017688
0.316100, 0.017670
0.316200, 0.017649
0.316300, 0.017632
0.316400, 0.017614
0.316500, 0.017597
0.316600, 0.017578
0.316700, 0.017560
0.316800, 0.017540
0.316900, 0.017523
0.317000, 0.017508
0.317100, 0.017487
0.317200, 0.017470
0.317300, 0.017452
0.317400, 0.017434
0.317500, 0.017416
0.317600, 0.017400
0.317700, 0.017382
0.317800, 0.017363
0.317900, 0.017347
0.318000, 0.017329
0.318100, 0.017309
0.318200, 0.017293
0.318300, 0.017273
0.318400, 0.017258
0.318500, 0.017241
0.318600, 0.017224
0.318700, 0.017205
0.318800, 0.017188
0.318900, 0.017171
0.319000, 0.017153
0.319100, 0.017137
0.319200, 0.017120
0.319300, 0.017101
0.319400, 0.017086
0.319500, 0.017068
0.319600, 0.017050
0.319700, 0.017033
0.319800, 0.017016
0.319900, 0.016999
0.320000, 0.016983
0.320100, 0.016963
0.320200, 0.016949
0.320300, 0.016932
0.320400, 0.016913
0.320500, 0.016899
0.320600, 0.016880
0.320700, 0.016864
0.320800, 0.016847
0.320900, 0.016830
0.321000, 0.016813
0.321100, 0.016797
0.321200, 0.016781
0.321300, 0.016761
0.321400, 0.016746
0.321500, 0.016730
0.321600, 0.016714
0.321700, 0.016696
0.321800, 0.016680
0.321900, 0.016665
0.322000, 0.016648
0.322100, 0.016631
0.322200, 0.016614
0.322300, 0.016596
0.322400, 0.016583
0.322500, 0.016566
0.322600, 0.016549
0.322700, 0.016532
0.322800, 0.016518
0.322900, 0.016501
0.323000, 0.016485
0.323100, 0.016468
0.323200, 0.016454
0.323300, 0.016438
0.323400, 0.016420
0.323500, 0.016405
0.323600, 0.016388
0.323700, 0.016372
0.323800, 0.016356
0.323900, 0.016341
0.324000, 0.016325
0.324100, 0.016309
0.324200, 0.016293
0.324300, 0.016280
0.324400, 0.016260
0.324500, 0.016247
0.324600, 0.016231
0.324700, 0.016215
0.324800, 0.016201
0.324900, 0.016185
0.325000, 0.016168
0.325100, 0.016155
0.325200, 0.016138
0.325300, 0.016121
0.325400, 0.016107
0.325500, 0.016089
0.325600, 0.016075
0.325700, 0.016059
0.325800, 0.016046
0.325900, 0.016028
0.326000, 0.016016
0.326100, 0.016000
0.326200, 0.015985
0.326300, 0.015971
0.326400, 0.015952
0.326500, 0.015938
0.326600, 0.015924
0.326700, 0.015909
0.326800, 0.015893
0.326900, 0.015879
0.327000, 0.015865
0.327100, 0.015849
0.327200, 0.015835
0.327300, 0.015820
0.327400, 0.015804
0.327500, 0.015788
0.327600, 0.015775
0.327700, 0.015758
0.327800, 0.015744
0.327900, 0.015730
0.328000, 0.015715
0.328100, 0.015701
0.328200, 0.015686
0.328300, 0.015671
0.328400, 0.015657
0.328500, 0.015642
0.328600, 0.015627
0.328700, 0.015614
0.328800, 0.015598
0.328900, 0.015584
0.329000, 0.015569
0.329100, 0.015555
0.329200, 0.015540
0.329300, 0.015527
0.329400, 0.015512
0.329500, 0.015499
0.329600, 0.015484
0.329700, 0.015469
0.329800, 0.015454
0.329900, 0.015442
0.330000, 0.015428
0.330100, 0.015413
0.330200, 0.015400
0.330300, 0.015384
0.330400, 0.015370
0.330500, 0.015356
0.330600, 0.015341
0.330700, 0.015328
0.330800, 0.015314
0.330900, 0.015301
0.331000, 0.015286
0.331100, 0.015272
0.331200, 0.015258
0.331300, 0.015246
0.331400, 0.015231
0.331500, 0.015218
0.331600, 0.015204
0.331700, 0.015191
0.331800, 0.015177
0.331900, 0.015162
0.332000, 0.015148
0.332100, 0.015133
0.332200, 0.015121
0.332300, 0.015108
0.332400, 0.015094
0.332500, 0.015081
0.332600, 0.015067
0.332700, 0.015054
0.332800, 0.015039
0.332900, 0.015025
0.333000, 0.015013
0.333100, 0.014997
0.333200, 0.014984
0.333300, 0.014971
0.333400, 0.014957
0.333500, 0.014943
0.333600, 0.014931
0.333700, 0.014918
0.333800, 0.014906
0.333900, 0.014890
0.334000, 0.014876
0.334100, 0.014865
0.334200, 0.014850
0.334300, 0.014837
0.334400, 0.014825
0.334500, 0.014811
0.334600, 0.014796
0.334700, 0.014783
0.334800, 0.014770
0.334900, 0.014759
0.335000, 0.014745
0.335100, 0.014728
0.335200, 0.014719
0.335300, 0.014705
0.335400, 0.014692
0.335500, 0.014679
0.335600, 0.014666
0.335700, 0.014652
0.335800, 0.014637
0.335900, 0.014626
0.336000, 0.014612
0.336100, 0.014598
0.336200, 0.014587
0.336300, 0.014573
0.336400, 0.014561
0.336500, 0.014548
0.336600, 0.014534
0.336700, 0.014522
0.336800, 0.014509
0.336900, 0.014496
0.337000, 0.014483
0.337100, 0.014470
0.337200, 0.014458
0.337300, 0.014443
0.337400, 0.014432
0.337500, 0.014417
0.337600, 0.014407
0.337700, 0.014392
0.337800, 0.014378
0.337900, 0.014365
0.338000, 0.014353
0.338100, 0.014339
0.338200, 0.014328
0.338300, 0.014315
0.338400, 0.014302
0.338500, 0.014290
0.338600, 0.014275
0.338700, 0.014264
0.338800, 0.014250
0.338900, 0.014238
0.339000, 0.014224
0.339100, 0.014211
0.339200, 0.014199
0.339300, 0.014188
0.339400, 0.014175
0.339500, 0.014161
0.339600, 0.014149
0.339700, 0.014136
0.339800, 0.014122
0.339900, 0.014111
0.340000, 0.014096
0.340100, 0.014084
0.340200, 0.014071
0.340300, 0.014058
0.340400, 0.014046
0.340500, 0.014033
0.340600, 0.014021
0.340700, 0.014007
0.340800, 0.013995
0.340900, 0.013983
0.341000, 0.013971
0.341100, 0.013955
0.341200, 0.013944
0.341300, 0.013931
0.341400, 0.013920
0.341500, 0.013907
0.341600, 0.013893
0.341700, 0.013881
0.341800, 0.013868
0.341900, 0.013854
0.342000, 0.013844
0.342100, 0.013829
0.342200, 0.013816
0.342300, 0.013803
0.342400, 0.013791
0.342500, 0.013778
0.342600, 0.013767
0.342700, 0.013752
0.342800, 0.013740
0.342900, 0.013727
0.343000, 0.013715
0.343100, 0.013703
0.343200, 0.013691
0.343300, 0.013678
0.343400, 0.013665
0.343500, 0.013653
0.343600, 0.013639
0.343700, 0.013626
0.343800, 0.013613
0.343900, 0.013600
0.344000, 0.013589
0.344100, 0.013575
0.344200, 0.013563
0.344300, 0.013550
0.344400, 0.013538
0.344500, 0.013524
0.344600, 0.013510
0.344700, 0.013499
0.344800, 0.013486
0.344900, 0.013471
0.345000, 0.013459
0.345100, 0.013448
0.345200, 0.013435
0.345300, 0.013422
0.345400, 0.013409
0.345500, 0.013396
0.345600, 0.013383
0.345700, 0.013368
0.345800, 0.013357
0.345900, 0.013345
0.346000, 0.013332
0.346100, 0.013319
0.346200, 0.013307
0.346300, 0.013294
0.346400, 0.013280
0.346500, 0.013268
0.346600, 0.013254
0.346700, 0.013241
0.346800, 0.013228
0.346900, 0.013215
0.347000, 0.013202
0.347100, 0.013188
0.347200, 0.013176
0.347300, 0.013162
0.347400, 0.013152
0.347500, 0.013136
0.347600, 0.013124
0.347700, 0.013112
0.347800, 0.013099
0.347900, 0.013085
0.348000, 0.013071
0.348100, 0.013059
0.348200, 0.013047
0.348300, 0.013033
0.348400, 0.013021
0.348500, 0.013006
0.348600, 0.012992
0.348700, 0.012982
0.348800, 0.012968
0.348900, 0.012954
0.349000, 0.012941
0.349100, 0.012929
0.349200, 0.012915
0.349300, 0.012902
0.349400, 0.012889
0.349500, 0.012875
0.349600, 0.012863
0.349700, 0.012847
0.349800, 0.012836
0.349900, 0.012822
0.350000, 0.012807
0.350100, 0.012795
0.350200, 0.012782
0.350300, 0.012769
0.350400, 0.012756
0.350500, 0.012742
0.350600, 0.012729
0.350700, 0.012715
0.350800, 0.012703
0.350900, 0.012690
0.351000, 0.012675
0.351100, 0.012663
0.351200, 0.012647
0.351300, 0.012636
0.351400, 0.012620
0.351500, 0.012607
0.351600, 0.012594
0.351700, 0.012582
0.351800, 0.012567
0.351900, 0.012554
0.352000, 0.012541
0.352100, 0.012527
0.352200, 0.012515
0.352300, 0.012500
0.352400, 0.012485
0.352500, 0.012472
0.352600, 0.012459
0.352700, 0.012446
0.352800, 0.012431
0.352900, 0.012418
0.353000, 0.012404
0.353100, 0.012390
0.353200, 0.012377
0.353300, 0.012363
0.353400, 0.012348
0.353500, 0.012335
0.353600, 0.012320
0.353700, 0.012307
0.353800, 0.012295
0.353900, 0.012280
0.354000, 0.012267
0.354100, 0.012252
0.354200, 0.012239
0.354300, 0.012225
0.354400, 0.012211
0.354500, 0.012196
0.354600, 0.012183
0.354700, 0.012169
0.354800, 0.012154
0.354900, 0.012141
0.355000, 0.012127
0.355100, 0.012114
0.355200, 0.012099
0.355300, 0.012086
0.355400, 0.012071
0.355500, 0.012057
0.355600, 0.012043
0.355700, 0.012029
0.355800, 0.012014
0.355900, 0.012002
0.356000, 0.011985
0.356100, 0.011973
0.356200, 0.011957
0.356300, 0.011945
0.356400, 0.011930
0.356500, 0.011917
0.356600, 0.011901
0.356700, 0.011888
0.356800, 0.011873
0.356900, 0.011859
0.357000, 0.011845
0.357100, 0.011830
0.357200, 0.011816
0.357300, 0.011801
0.357400, 0.011787
0.357500, 0.011774
0.357600, 0.011758
0.357700, 0.011744
0.357800, 0.011729
0.357900, 0.011715
0.358000, 0.011700
0.358100, 0.011684
0.358200, 0.011672
0.358300, 0.011657
0.358400, 0.011642
0.358500, 0.011629
0.358600, 0.011614
0.358700, 0.011599
0.358800, 0.011585
0.358900, 0.011571
0.359000, 0.011555
0.359100, 0.011541
0.359200, 0.011528
0.359300, 0.011512
0.359400, 0.011496
0.359500, 0.011483
0.359600, 0.011468
0.359700, 0.011454
0.359800, 0.011438
0.359900, 0.011423
0.360000, 0.011411
0.360100, 0.011395
0.360200, 0.011379
0.360300, 0.011364
0.360400, 0.011350
0.360500, 0.011334
0.360600, 0.011322
0.360700, 0.011306
0.360800, 0.011291
0.360900, 0.011276
0.361000, 0.011263
0.361100, 0.011247
0.361200, 0.011232
0.361300, 0.011218
0.361400, 0.011202
0.361500, 0.011189
0.361600, 0.011172
0.361700, 0.011158
0.361800, 0.011143
0.361900, 0.011129
0.362000, 0.011114
0.362100, 0.011097
0.362200, 0.011084
0.362300, 0.011067
0.362400, 0.011055
0.362500, 0.011039
0.362600, 0.011024
0.362700, 0.011010
0.362800, 0.010993
0.362900, 0.010978
0.363000, 0.010964
0.363100, 0.010946
0.363200, 0.010934
0.363300, 0.010919
0.363400, 0.010905
0.363500, 0.010888
0.363600, 0.010873
0.363700, 0.010858
0.363800, 0.010843
0.363900, 0.010829
0.364000, 0.010812
0.364100, 0.010796
0.364200, 0.010784
0.364300, 0.010769
0.364400, 0.010752
0.364500, 0.010737
0.364600, 0.010723
0.364700, 0.010709
0.364800, 0.010693
0.364900, 0.010678
0.365000, 0.010662
0.365100, 0.010645
0.365200, 0.010631
0.365300, 0.010615
0.365400, 0.010602
0.365500, 0.010586
0.365600, 0.010571
0.365700, 0.010556
0.365800, 0.010541
0.365900, 0.010525
0.366000, 0.010511
0.366100, 0.010494
0.366200, 0.010480
0.366300, 0.010464
0.366400, 0.010449
0.366500, 0.010435
0.366600, 0.010419
0.366700, 0.010404
0.366800, 0.010389
0.366900, 0.010373
0.367000, 0.010359
0.367100, 0.010345
0.367200, 0.010327
0.367300, 0.010314
0.367400, 0.010298
0.367500, 0.010283
0.367600, 0.010267
0.367700, 0.010253
0.367800, 0.010237
0.367900, 0.010221
0.368000, 0.010206
0.368100, 0.010192
0.368200, 0.010176
0.368300, 0.010160
0.368400, 0.010145
0.368500, 0.010131
0.368600, 0.010115
0.368700, 0.010100
0.368800, 0.010085
0.368900, 0.010070
0.369000, 0.010055
0.369100, 0.010040
0.369200, 0.010024
0.369300, 0.010009
0.369400, 0.009993
0.369500, 0.009979
0.369600, 0.009963
0.369700, 0.009948
0.369800, 0.009933
0.369900, 0.009920
0.370000, 0.009903
0.370100, 0.009889
0.370200, 0.009871
0.370300, 0.009857
0.370400, 0.009844
0.370500, 0.009829
0.370600, 0.009812
0.370700, 0.009799
0.370800, 0.009782
0.370900, 0.009768
0.371000, 0.009753
0.371100, 0.009737
0.371200, 0.009722
0.371300, 0.009707
0.371400, 0.009691
0.371500, 0.009678
0.371600, 0.009662
0.371700, 0.009647
0.371800, 0.009632
0.371900, 0.009616
0.372000, 0.009602
0.372100, 0.009586
0.372200, 0.009573
0.372300, 0.009557
0.372400, 0.009541
0.372500, 0.009527
0.372600, 0.009512
0.372700, 0.009497
0.372800, 0.009482
0.372900, 0.009468
0.373000, 0.009453
0.373100, 0.009438
0.373200, 0.009422
0.373300, 0.009408
0.373400, 0.009394
0.373500, 0.009379
0.373600, 0.009364
0.373700, 0.009349
0.373800, 0.009334
0.373900, 0.009320
0.374000, 0.009305
0.374100, 0.009290
0.374200, 0.009274
0.374300, 0.009260
0.374400, 0.009246
0.374500, 0.009232
0.374600, 0.009217
0.374700, 0.009201
0.374800, 0.009187
0.374900, 0.009172
0.375000, 0.009158
0.375100, 0.009141
0.375200, 0.009129
0.375300, 0.009114
0.375400, 0.009099
0.375500, 0.009084
0.375600, 0.009071
0.375700, 0.009057
0.375800, 0.009042
0.375900, 0.009027
0.376000, 0.009012
0.376100, 0.008998
0.376200, 0.008985
0.376300, 0.008970
0.376400, 0.008955
0.376500, 0.008942
0.376600, 0.008925
0.376700, 0.008911
0.376800, 0.008895
0.376900, 0.008883
0.377000, 0.008869
0.377100, 0.008855
0.377200, 0.008842
0.377300, 0.008826
0.377400, 0.008813
0.377500, 0.008797
0.377600, 0.008785
0.377700, 0.008770
0.377800, 0.008756
0.377900, 0.008743
0.378000, 0.008729
0.378100, 0.008714
0.378200, 0.008701
0.378300, 0.008686
0.378400, 0.008672
0.378500, 0.008657
0.378600, 0.008643
0.378700, 0.008631
0.378800, 0.008616
0.378900, 0.008602
0.379000, 0.008589
0.379100, 0.008574
0.379200, 0.008561
0.379300, 0.008548
0.379400, 0.008533
0.379500, 0.008521
0.379600, 0.008506
0.379700, 0.008492
0.379800, 0.008480
0.379900, 0.008465
0.380000, 0.008453
0.380100, 0.008440
0.380200, 0.008424
0.380300, 0.008412
0.380400, 0.008397
0.380500, 0.008384
0.380600, 0.008370
0.380700, 0.008358
0.380800, 0.008343
0.380900, 0.008332
0.381000, 0.008317
0.381100, 0.008304
0.381200, 0.008292
0.381300, 0.008278
0.381400, 0.008264
0.381500, 0.008252
0.381600, 0.008238
0.381700, 0.008224
0.381800, 0.008210
0.381900, 0.008198
0.382000, 0.008185
0.382100, 0.008173
0.382200, 0.008159
0.382300, 0.008146
0.382400, 0.008134
0.382500, 0.008120
0.382600, 0.008109
0.382700, 0.008094
0.382800, 0.008082
0.382900, 0.008069
0.383000, 0.008056
0.383100, 0.008043
0.383200, 0.008030
0.383300, 0.008018
0.383400, 0.008004
0.383500, 0.007994
0.383600, 0.007980
0.383700, 0.007969
0.383800, 0.007957
0.383900, 0.007943
0.384000, 0.007929
0.384100, 0.007919
0.384200, 0.007906
0.384300, 0.007893
0.384400, 0.007881
0.384500, 0.007868
0.384600, 0.007855
0.384700, 0.007843
0.384800, 0.007831
0.384900, 0.007819
0.385000, 0.007806
0.385100, 0.007795
0.385200, 0.007781
0.385300, 0.007771
0.385400, 0.007758
0.385500, 0.007746
0.385600, 0.007735
0.385700, 0.007722
0.385800, 0.007710
0.385900, 0.007699
0.386000, 0.007686
0.386100, 0.007675
0.386200, 0.007663
0.386300, 0.007651
0.386400, 0.007640
0.386500, 0.007628
0.386600, 0.007616
0.386700, 0.007604
0.386800, 0.007593
0.386900, 0.007580
0.387000, 0.007569
0.387100, 0.007558
0.387200, 0.007547
0.387300, 0.007535
0.387400, 0.007524
0.387500, 0.007513
0.387600, 0.007500
0.387700, 0.007488
0.387800, 0.007476
0.387900, 0.007465
0.388000, 0.007455
0.388100, 0.007445
0.388200, 0.007433
0.388300, 0.007421
0.388400, 0.007410
0.388500, 0.007401
0.388600, 0.007387
0.388700, 0.007377
0.388800, 0.007366
0.388900, 0.007356
0.389000, 0.007344
0.389100, 0.007333
0.389200, 0.007321
0.389300, 0.007312
0.389400, 0.007299
0.389500, 0.007290
0.389600, 0.007279
0.389700, 0.007267
0.389800, 0.007257
0.389900, 0.007247
0.390000, 0.007237
0.390100, 0.007226
0.390200, 0.007214
0.390300, 0.007205
0.390400, 0.007193
0.390500, 0.007183
0.390600, 0.007172
0.390700, 0.007162
0.390800, 0.007149
0.390900, 0.007141
0.391000, 0.007131
0.391100, 0.007121
0.391200, 0.007110
0.391300, 0.007100
0.391400, 0.007089
0.391500, 0.007079
0.391600, 0.007070
0.391700, 0.007060
0.391800, 0.007049
0.391900, 0.007039
0.392000, 0.007030
0.392100, 0.007019
0.392200, 0.007008
0.392300, 0.006999
0.392400, 0.006988
0.392500, 0.006980
0.392600, 0.006968
0.392700, 0.006959
0.392800, 0.006949
0.392900, 0.006938
0.393000, 0.006929
0.393100, 0.006920
0.393200, 0.006910
0.393300, 0.006900
0.393400, 0.006890
0.393500, 0.006881
0.393600, 0.006870
0.393700, 0.006861
0.393800, 0.006851
0.393900, 0.006843
0.394000, 0.006833
0.394100, 0.006825
0.394200, 0.006814
0.394300, 0.006804
0.394400, 0.006794
0.394500, 0.006786
0.394600, 0.006776
0.394700, 0.006767
0.394800, 0.006756
0.394900, 0.006747
0.395000, 0.006740
0.395100, 0.006729
0.395200, 0.006719
0.395300, 0.006712
0.395400, 0.006701
0.395500, 0.006693
0.395600, 0.006684
0.395700, 0.006674
0.395800, 0.006665
0.395900, 0.006657
0.396000, 0.006646
0.396100, 0.006639
0.396200, 0.006629
0.396300, 0.006621
0.396400, 0.006610
0.396500, 0.006602
0.396600, 0.006593
0.396700, 0.006585
0.396800, 0.006576
0.396900, 0.006567
0.397000, 0.006557
0.397100, 0.006550
0.397200, 0.006539
0.397300, 0.006532
0.397400, 0.006522
0.397500, 0.006514
0.397600, 0.006505
0.397700, 0.006497
0.397800, 0.006488
0.397900, 0.006480
0.398000, 0.006471
0.398100, 0.006462
0.398200, 0.006453
0.398300, 0.006445
0.398400, 0.006436
0.398500, 0.006427
0.398600, 0.006419
0.398700, 0.006412
0.398800, 0.006401
0.398900, 0.006395
0.399000, 0.006385
0.399100, 0.006376
0.399200, 0.006368
0.399300, 0.006360
0.399400, 0.006352
0.399500, 0.006344
0.399600, 0.006334
0.399700, 0.006327
0.399800, 0.006319
0.399900, 0.006310
0.400000, 0.006301
0.400100, 0.006294
0.400200, 0.006284
0.400300, 0.006277
0.400400, 0.006268
0.400500, 0.006260
0.400600, 0.006252
0.400700, 0.006244
0.400800, 0.006236
0.400900, 0.006228
0.401000, 0.006219
0.401100, 0.006212
0.401200, 0.006202
0.401300, 0.006196
0.401400, 0.006188
0.401500, 0.006179
0.401600, 0.006171
0.401700, 0.006163
0.401800, 0.006154
0.401900, 0.006147
0.402000, 0.006139
0.402100, 0.006130
0.402200, 0.006123
0.402300, 0.006114
0.402400, 0.006107
0.402500, 0.006099
0.402600, 0.006091
0.402700, 0.006084
0.402800, 0.006075
0.402900, 0.006066
0.403000, 0.006059
0.403100, 0.006051
0.403200, 0.006043
0.403300, 0.006036
0.403400, 0.006028
0.403500, 0.006019
0.403600, 0.006013
0.403700, 0.006003
0.403800, 0.005996
0.403900, 0.005988
0.404000, 0.005980
0.404100, 0.005972
0.404200, 0.005965
0.404300, 0.005957
0.404400, 0.005949
0.404500, 0.005941
0.404600, 0.005933
0.404700, 0.005925
0.404800, 0.005918
0.404900, 0.005911
0.405000, 0.005902
0.405100, 0.005894
0.405200, 0.005886
0.405300, 0.005880
0.405400, 0.005870
0.405500, 0.005862
0.405600, 0.005856
0.405700, 0.005848
0.405800, 0.005840
0.405900, 0.005832
0.406000, 0.005825
0.406100, 0.005815
0.406200, 0.005809
0.406300, 0.005801
0.406400, 0.005792
0.406500, 0.005785
0.406600, 0.005777
0.406700, 0.005769
0.406800, 0.005763
0.406900, 0.005754
0.407000, 0.005747
0.407100, 0.005739
0.407200, 0.005730
0.407300, 0.005723
0.407400, 0.005716
0.407500, 0.005707
0.407600, 0.005699
0.407700, 0.005692
0.407800, 0.005684
0.407900, 0.005677
0.408000, 0.005669
0.408100, 0.005661
0.408200, 0.005653
0.408300, 0.005645
0.408400, 0.005636
0.408500, 0.005630
0.408600, 0.005622
0.408700, 0.005614
0.408800, 0.005607
0.408900, 0.005599
0.409000, 0.005590
0.409100, 0.005583
0.409200, 0.005574
0.409300, 0.005567
0.409400, 0.005559
0.409500, 0.005552
0.409600, 0.005544
0.409700, 0.005536
0.409800, 0.005528
0.409900, 0.005520
0.410000, 0.005512
0.410100, 0.005505
0.410200, 0.005495
0.410300, 0.005488
0.410400, 0.005480
0.410500, 0.005472
0.410600, 0.005465
0.410700, 0.005457
0.410800, 0.005449
0.410900, 0.005440
0.411000, 0.005433
0.411100, 0.005424
0.411200, 0.005417
0.411300, 0.005409
0.411400, 0.005401
0.411500, 0.005393
0.411600, 0.005385
0.411700, 0.005378
0.411800, 0.005370
0.411900, 0.005361
0.412000, 0.005353
0.412100, 0.005346
0.412200, 0.005337
0.412300, 0.005330
0.412400, 0.005320
0.412500, 0.005313
0.412600, 0.005304
0.412700, 0.005297
0.412800, 0.005287
0.412900, 0.005280
0.413000, 0.005272
0.413100, 0.005264
0.413200, 0.005255
0.413300, 0.005247
0.413400, 0.005239
0.413500, 0.005232
0.413600, 0.005223
0.413700, 0.005213
0.413800, 0.005206
0.413900, 0.005197
0.414000, 0.005190
0.414100, 0.005182
0.414200, 0.005174
0.414300, 0.005165
0.414400, 0.005157
0.414500, 0.005149
0.414600, 0.005140
0.414700, 0.005131
0.414800, 0.005122
0.414900, 0.005114
0.415000, 0.005107
0.415100, 0.005098
0.415200, 0.005088
0.415300, 0.005081
0.415400, 0.005073
0.415500, 0.005064
0.415600, 0.005055
0.415700, 0.005047
0.415800, 0.005038
0.415900, 0.005030
0.416000, 0.005021
0.416100, 0.005013
0.416200, 0.005005
0.416300, 0.004996
0.416400, 0.004986
0.416500, 0.004978
0.416600, 0.004969
0.416700, 0.004961
0.416800, 0.004952
0.416900, 0.004944
0.417000, 0.004936
0.417100, 0.004927
0.417200, 0.004918
0.417300, 0.004910
0.417400, 0.004900
0.417500, 0.004891
0.417600, 0.004883
0.417700, 0.004875
0.417800, 0.004864
0.417900, 0.004857
0.418000, 0.004848
0.418100, 0.004840
0.418200, 0.004830
0.418300, 0.004821
0.418400, 0.004812
0.418500, 0.004803
0.418600, 0.004794
0.418700, 0.004785
0.418800, 0.004777
0.418900, 0.004767
0.419000, 0.004758
0.419100, 0.004750
0.419200, 0.004741
0.419300, 0.004733
0.419400, 0.004723
0.419500, 0.004713
0.419600, 0.004705
0.419700, 0.004696
0.419800, 0.004686
0.419900, 0.004677
0.420000, 0.004668
0.420100, 0.004658
0.420200, 0.004650
0.420300, 0.004641
0.420400, 0.004631
0.420500, 0.004622
0.420600, 0.004614
0.420700, 0.004604
0.420800, 0.004594
0.420900, 0.004585
0.421000, 0.004576
0.421100, 0.004567
0.421200, 0.004557
0.421300, 0.004548
0.421400, 0.004539
0.421500, 0.004530
0.421600, 0.004521
0.421700, 0.004511
0.421800, 0.004501
0.421900, 0.004493
0.422000, 0.004483
0.422100, 0.004473
0.422200, 0.004464
0.422300, 0.004456
0.422400, 0.004445
0.422500, 0.004436
0.422600, 0.004426
0.422700, 0.004417
0.422800, 0.004408
0.422900, 0.004397
0.423000, 0.004389
0.423100, 0.004378
0.423200, 0.004369
0.423300, 0.004359
0.423400, 0.004349
0.423500, 0.004340
0.423600, 0.004331
0.423700, 0.004322
0.423800, 0.004311
0.423900, 0.004302
0.424000, 0.004293
0.424100, 0.004282
0.424200, 0.004273
0.424300, 0.004264
0.424400, 0.004255
0.424500, 0.004244
0.424600, 0.004234
0.424700, 0.004224
0.424800, 0.004215
0.424900, 0.004205
0.425000, 0.004195
0.425100, 0.004186
0.425200, 0.004176
0.425300, 0.004166
0.425400, 0.004157
0.425500, 0.004146
0.425600, 0.004138
0.425700, 0.004126
0.425800, 0.004117
0.425900, 0.004107
0.426000, 0.004097
0.426100, 0.004088
0.426200, 0.004078
0.426300, 0.004067
0.426400, 0.004058
0.426500, 0.004049
0.426600, 0.004038
0.426700, 0.004028
0.426800, 0.004018
0.426900, 0.004008
0.427000, 0.003998
0.427100, 0.003988
0.427200, 0.003978
0.427300, 0.003969
0.427400, 0.003959
0.427500, 0.003948
0.427600, 0.003938
0.427700, 0.003929
0.427800, 0.003919
0.427900, 0.003909
0.428000, 0.003900
0.428100, 0.003889
0.428200, 0.003879
0.428300, 0.003869
0.428400, 0.003859
0.428500, 0.003849
0.428600, 0.003840
0.428700, 0.003830
0.428800, 0.003820
0.428900, 0.003810
0.429000, 0.003799
0.429100, 0.003790
0.429200, 0.003780
0.429300, 0.003770
0.429400, 0.003760
0.429500, 0.003749
0.429600, 0.003740
0.429700, 0.003730
0.429800, 0.003720
0.429900, 0.003710
0.430000, 0.003700
0.430100, 0.003690
0.430200, 0.003680
0.430300, 0.003670
0.430400, 0.003660
0.430500, 0.003650
0.430600, 0.003640
0.430700, 0.003630
0.430800, 0.003621
0.430900, 0.003611
0.431000, 0.003601
0.431100, 0.003592
0.431200, 0.003581
0.431300, 0.003570
0.431400, 0.003561
0.431500, 0.003551
0.431600, 0.003541
0.431700, 0.003530
0.431800, 0.003522
0.431900, 0.003511
0.432000, 0.003501
0.432100, 0.003493
0.432200, 0.003481
0.432300, 0.003472
0.432400, 0.003462
0.432500, 0.003452
0.432600, 0.003442
0.432700, 0.003433
0.432800, 0.003422
0.432900, 0.003412
0.433000, 0.003402
0.433100, 0.003394
0.433200, 0.003383
0.433300, 0.003373
0.433400, 0.003364
0.433500, 0.003355
0.433600, 0.003344
0.433700, 0.003334
0.433800, 0.003324
0.433900, 0.003315
0.434000, 0.003305
0.434100, 0.003296
0.434200, 0.003286
0.434300, 0.003276
0.434400, 0.003267
0.434500, 0.003257
0.434600, 0.003248
0.434700, 0.003238
0.434800, 0.003227
0.434900, 0.003218
0.435000, 0.003208
0.435100, 0.003199
0.435200, 0.003190
0.435300, 0.003179
0.435400, 0.003171
0.435500, 0.003160
0.435600, 0.003152
0.435700, 0.003142
0.435800, 0.003133
0.435900, 0.003124
0.436000, 0.003113
0.436100, 0.003105
0.436200, 0.003094
0.436300, 0.003085
0.436400, 0.003076
0.436500, 0.003067
0.436600, 0.003057
0.436700, 0.003049
0.436800, 0.003038
0.436900, 0.003029
0.437000, 0.003021
0.437100, 0.003011
0.437200, 0.003002
0.437300, 0.002992
0.437400, 0.002983
0.437500, 0.002973
0.437600, 0.002965
0.437700, 0.002956
0.437800, 0.002947
0.437900, 0.002937
0.438000, 0.002928
0.438100, 0.002920
0.438200, 0.002910
0.438300, 0.002902
0.438400, 0.002892
0.438500, 0.002883
0.438600, 0.002874
0.438700, 0.002865
0.438800, 0.002857
0.438900, 0.002848
0.439000, 0.002839
0.439100, 0.002830
0.439200, 0.002822
0.439300, 0.002812
0.439400, 0.002804
0.439500, 0.002796
0.439600, 0.002787
0.439700, 0.002777
0.439800, 0.002769
0.439900, 0.002760
0.440000, 0.002752
0.440100, 0.002742
0.440200, 0.002735
0.440300, 0.002727
0.440400, 0.002718
0.440500, 0.002710
0.440600, 0.002700
0.440700, 0.002692
0.440800, 0.002684
0.440900, 0.002675
0.441000, 0.002667
0.441100, 0.002660
0.441200, 0.002651
0.441300, 0.002644
0.441400, 0.002634
0.441500, 0.002626
0.441600, 0.002618
0.441700, 0.002611
0.441800, 0.002601
0.441900, 0.002594
0.442000, 0.002585
0.442100, 0.002576
0.442200, 0.002570
0.442300, 0.002562
0.442400, 0.002555
0.442500, 0.002546
0.442600, 0.002538
0.442700, 0.002530
0.442800, 0.002522
0.442900, 0.002515
0.443000, 0.002506
0.443100, 0.002498
0.443200, 0.002491
0.443300, 0.002483
0.443400, 0.002475
0.443500, 0.002469
0.443600, 0.002460
0.443700, 0.002453
0.443800, 0.002446
0.443900, 0.002437
0.444000, 0.002431
0.444100, 0.002423
0.444200, 0.002416
0.444300, 0.002409
0.444400, 0.002401
0.444500, 0.002394
0.444600, 0.002387
0.444700, 0.002379
0.444800, 0.002373
0.444900, 0.002365
0.445000, 0.002358
0.445100, 0.002350
0.445200, 0.002344
0.445300, 0.002337
0.445400, 0.002329
0.445500, 0.002323
0.445600, 0.002315
0.445700, 0.002309
0.445800, 0.002302
0.445900, 0.002295
0.446000, 0.002288
0.446100, 0.002281
0.446200, 0.002274
0.446300, 0.002268
0.446400, 0.002261
0.446500, 0.002255
0.446600, 0.002248
0.446700, 0.002241
0.446800, 0.002235
0.446900, 0.002228
0.447000, 0.002222
0.447100, 0.002215
0.447200, 0.002209
0.447300, 0.002202
0.447400, 0.002195
0.447500, 0.002189
0.447600, 0.002183
0.447700, 0.002177
0.447800, 0.002171
0.447900, 0.002165
0.448000, 0.002158
0.448100, 0.002152
0.448200, 0.002146
0.448300, 0.002140
0.448400, 0.002133
0.448500, 0.002128
0.448600, 0.002121
0.448700, 0.002116
0.448800, 0.002110
0.448900, 0.002104
0.449000, 0.002098
0.449100, 0.002093
0.449200, 0.002086
0.449300, 0.002080
0.449400, 0.002074
0.449500, 0.002069
0.449600, 0.002064
0.449700, 0.002057
0.449800, 0.002051
0.449900, 0.002046
0.450000, 0.002041
0.450100, 0.002036
0.450200, 0.002031
0.450300, 0.002025
0.450400, 0.002018
0.450500, 0.002013
0.450600, 0.002008
0.450700, 0.002003
0.450800, 0.001997
0.450900, 0.001992
0.451000, 0.001987
0.451100, 0.001981
0.451200, 0.001977
0.451300, 0.001970
0.451400, 0.001966
0.451500, 0.001961
0.451600, 0.001956
0.451700, 0.001951
0.451800, 0.001946
0.451900, 0.001941
0.452000, 0.001935
0.452100, 0.001930
0.452200, 0.001925
0.452300, 0.001921
0.452400, 0.001916
0.452500, 0.001910
0.452600, 0.001906
0.452700, 0.001901
0.452800, 0.001897
0.452900, 0.001891
0.453000, 0.001886
0.453100, 0.001882
0.453200, 0.001876
0.453300, 0.001872
0.453400, 0.001868
0.453500, 0.001863
0.453600, 0.001857
0.453700, 0.001853
0.453800, 0.001849
0.453900, 0.001845
0.454000, 0.001840
0.454100, 0.001836
0.454200, 0.001831
0.454300, 0.001827
0.454400, 0.001823
0.454500, 0.001818
0.454600, 0.001813
0.454700, 0.001809
0.454800, 0.001805
0.454900, 0.001800
0.455000, 0.001796
0.455100, 0.001791
0.455200, 0.001788
0.455300, 0.001782
0.455400, 0.001779
0.455500, 0.001774
0.455600, 0.001770
0.455700, 0.001766
0.455800, 0.001762
0.455900, 0.001757
0.456000, 0.001752
0.456100, 0.001749
0.456200, 0.001745
0.456300, 0.001741
0.456400, 0.001738
0.456500, 0.001732
0.456600, 0.001729
0.456700, 0.001724
0.456800, 0.001720
0.456900, 0.001716
0.457000, 0.001712
0.457100, 0.001708
0.457200, 0.001705
0.457300, 0.001700
0.457400, 0.001697
0.457500, 0.001693
0.457600, 0.001688
0.457700, 0.001685
0.457800, 0.001679
0.457900, 0.001676
0.458000, 0.001673
0.458100, 0.001668
0.458200, 0.001665
0.458300, 0.001660
0.458400, 0.001657
0.458500, 0.001653
0.458600, 0.001648
0.458700, 0.001645
0.458800, 0.001641
0.458900, 0.001638
0.459000, 0.001633
0.459100, 0.001630
0.459200, 0.001626
0.459300, 0.001622
0.459400, 0.001618
0.459500, 0.001615
0.459600, 0.001611
0.459700, 0.001607
0.459800, 0.001602
0.459900, 0.001600
0.460000, 0.001596
0.460100, 0.001592
0.460200, 0.001588
0.460300, 0.001583
0.460400, 0.001580
0.460500, 0.001577
0.460600, 0.001572
0.460700, 0.001569
0.460800, 0.001565
0.460900, 0.001561
0.461000, 0.001557
0.461100, 0.001554
0.461200, 0.001549
0.461300, 0.001546
0.461400, 0.001542
0.461500, 0.001538
0.461600, 0.001535
0.461700, 0.001531
0.461800, 0.001527
0.461900, 0.001523
0.462000, 0.001519
0.462100, 0.001515
0.462200, 0.001510
0.462300, 0.001508
0.462400, 0.001503
0.462500, 0.001500
0.462600, 0.001496
0.462700, 0.001493
0.462800, 0.001488
0.462900, 0.001484
0.463000, 0.001480
0.463100, 0.001477
0.463200, 0.001472
0.463300, 0.001468
0.463400, 0.001464
0.463500, 0.001460
0.463600, 0.001456
0.463700, 0.001452
0.463800, 0.001449
0.463900, 0.001444
0.464000, 0.001441
0.464100, 0.001436
0.464200, 0.001433
0.464300, 0.001429
0.464400, 0.001425
0.464500, 0.001419
0.464600, 0.001416
0.464700, 0.001412
0.464800, 0.001408
0.464900, 0.001404
0.465000, 0.001400
0.465100, 0.001396
0.465200, 0.001391
0.465300, 0.001388
0.465400, 0.001383
0.465500, 0.001379
0.465600, 0.001375
0.465700, 0.001370
0.465800, 0.001366
0.465900, 0.001363
0.466000, 0.001358
0.466100, 0.001354
0.466200, 0.001350
0.466300, 0.001345
0.466400, 0.001340
0.466500, 0.001336
0.466600, 0.001332
0.466700, 0.001328
0.466800, 0.001323
0.466900, 0.001319
0.467000, 0.001314
0.467100, 0.001310
0.467200, 0.001305
0.467300, 0.001300
0.467400, 0.001297
0.467500, 0.001292
0.467600, 0.001287
0.467700, 0.001283
0.467800, 0.001278
0.467900, 0.001273
0.468000, 0.001269
0.468100, 0.001264
0.468200, 0.001260
0.468300, 0.001255
0.468400, 0.001250
0.468500, 0.001245
0.468600, 0.001240
0.468700, 0.001236
0.468800, 0.001231
0.468900, 0.001226
0.469000, 0.001221
0.469100, 0.001217
0.469200, 0.001211
0.469300, 0.001207
0.469400, 0.001202
0.469500, 0.001197
0.469600, 0.001191
0.469700, 0.001187
0.469800, 0.001182
0.469900, 0.001177
0.470000, 0.001172
0.470100, 0.001167
0.470200, 0.001162
0.470300, 0.001157
0.470400, 0.001152
0.470500, 0.001146
0.470600, 0.001141
0.470700, 0.001136
0.470800, 0.001130
0.470900, 0.001126
0.471000, 0.001120
0.471100, 0.001116
0.471200, 0.001110
0.471300, 0.001104
0.471400, 0.001099
0.471500, 0.001094
0.471600, 0.001089
0.471700, 0.001083
0.471800, 0.001077
0.471900, 0.001072
0.472000, 0.001068
0.472100, 0.001061
0.472200, 0.001056
0.472300, 0.001050
0.472400, 0.001045
0.472500, 0.001040
0.472600, 0.001034
0.472700, 0.001028
0.472800, 0.001023
0.472900, 0.001017
0.473000, 0.001012
0.473100, 0.001006
0.473200, 0.001001
0.473300, 0.000995
0.473400, 0.000989
0.473500, 0.000984
0.473600, 0.000978
0.473700, 0.000972
0.473800, 0.000966
0.473900, 0.000960
0.474000, 0.000955
0.474100, 0.000948
0.474200, 0.000943
0.474300, 0.000937
0.474400, 0.000932
0.474500, 0.000926
0.474600, 0.000921
0.474700, 0.000914
0.474800, 0.000909
0.474900, 0.000903
0.475000, 0.000897
0.475100, 0.000890
0.475200, 0.000884
0.475300, 0.000879
0.475400, 0.000873
0.475500, 0.000867
0.475600, 0.000862
0.475700, 0.000855
0.475800, 0.000850
0.475900, 0.000843
0.476000, 0.000838
0.476100, 0.000832
0.476200, 0.000826
0.476300, 0.000820
0.476400, 0.000813
0.476500, 0.000808
0.476600, 0.000802
0.476700, 0.000795
0.476800, 0.000790
0.476900, 0.000784
0.477000, 0.000778
0.477100, 0.000772
0.477200, 0.000765
0.477300, 0.000760
0.477400, 0.000754
0.477500, 0.000748
0.477600, 0.000743
0.477700, 0.000735
0.477800, 0.000730
0.477900, 0.000724
0.478000, 0.000717
0.478100, 0.000712
0.478200, 0.000707
0.478300, 0.000699
0.478400, 0.000695
0.478500, 0.000688
0.478600, 0.000682
0.478700, 0.000677
0.478800, 0.000671
0.478900, 0.000664
0.479000, 0.000659
0.479100, 0.000653
0.479200, 0.000647
0.479300, 0.000642
0.479400, 0.000636
0.479500, 0.000630
0.479600, 0.000623
0.479700, 0.000619
0.479800, 0.000612
0.479900, 0.000607
0.480000, 0.000602
0.480100, 0.000596
0.480200, 0.000590
0.480300, 0.000585
0.480400, 0.000579
0.480500, 0.000572
0.480600, 0.000567
0.480700, 0.000562
0.480800, 0.000556
0.480900, 0.000551
0.481000, 0.000546
0.481100, 0.000539
0.481200, 0.000534
0.481300, 0.000530
0.481400, 0.000524
0.481500, 0.000518
0.481600, 0.000513
0.481700, 0.000508
0.481800, 0.000503
0.481900, 0.000497
0.482000, 0.000492
0.482100, 0.000487
0.482200, 0.000482
0.482300, 0.000478
0.482400, 0.000472
0.482500, 0.000467
0.482600, 0.000462
0.482700, 0.000456
0.482800, 0.000451
0.482900, 0.000447
0.483000, 0.000441
0.483100, 0.000436
0.483200, 0.000433
0.483300, 0.000428
0.483400, 0.000423
0.483500, 0.000419
0.483600, 0.000414
0.483700, 0.000409
0.483800, 0.000405
0.483900, 0.000400
0.484000, 0.000395
0.484100, 0.000391
0.484200, 0.000387
0.484300, 0.000384
0.484400, 0.000379
0.484500, 0.000375
0.484600, 0.000371
0.484700, 0.000366
0.484800, 0.000363
0.484900, 0.000359
0.485000, 0.000354
0.485100, 0.000351
0.485200, 0.000347
0.485300, 0.000343
0.485400, 0.000340
0.485500, 0.000335
0.485600, 0.000332
0.485700, 0.000329
0.485800, 0.000325
0.485900, 0.000321
0.486000, 0.000319
0.486100, 0.000314
0.486200, 0.000312
0.486300, 0.000308
0.486400, 0.000306
0.486500, 0.000302
0.486600, 0.000300
0.486700, 0.000296
0.486800, 0.000294
0.486900, 0.000291
0.487000, 0.000288
0.487100, 0.000285
0.487200, 0.000283
0.487300, 0.000280
0.487400, 0.000277
0.487500, 0.000275
0.487600, 0.000272
0.487700, 0.000269
0.487800, 0.000268
0.487900, 0.000266
0.488000, 0.000263
0.488100, 0.000261
0.488200, 0.000259
0.488300, 0.000257
0.488400, 0.000255
0.488500, 0.000254
0.488600, 0.000251
0.488700, 0.000250
0.488800, 0.000248
0.488900, 0.000246
0.489000, 0.000245
0.489100, 0.000243
0.489200, 0.000242
0.489300, 0.000240
0.489400, 0.000240
0.489500, 0.000238
0.489600, 0.000237
0.489700, 0.000235
0.489800, 0.000234
0.489900, 0.000233
0.490000, 0.000232
0.490100, 0.000231
0.490200, 0.000231
0.490300, 0.000229
0.490400, 0.000229
0.490500, 0.000227
0.490600, 0.000227
0.490700, 0.000226
0.490800, 0.000226
0.490900, 0.000225
0.491000, 0.000224
0.491100, 0.000224
0.491200, 0.000223
0.491300, 0.000223
0.491400, 0.000222
0.491500, 0.000222
0.491600, 0.000222
0.491700, 0.000222
0.491800, 0.000221
0.491900, 0.000221
0.492000, 0.000221
0.492100, 0.000221
0.492200, 0.000221
0.492300, 0.000221
0.492400, 0.000220
0.492500, 0.000221
0.492600, 0.000220
0.492700, 0.000221
0.492800, 0.000221
0.492900, 0.000220
0.493000, 0.000220
0.493100, 0.000221
0.493200, 0.000220
0.493300, 0.000221
0.493400, 0.000221
0.493500, 0.000221
0.493600, 0.000221
0.493700, 0.000221
0.493800, 0.000221
0.493900, 0.000221
0.494000, 0.000221
0.494100, 0.000220
0.494200, 0.000221
0.494300, 0.000220
0.494400, 0.000220
0.494500, 0.000220
0.494600, 0.000220
0.494700, 0.000219
0.494800, 0.000219
0.494900, 0.000219
0.495000, 0.000219
0.495100, 0.000218
0.495200, 0.000218
0.495300, 0.000217
0.495400, 0.000216
0.495500, 0.000216
0.495600, 0.000215
0.495700, 0.000214
0.495800, 0.000214
0.495900, 0.000212
0.496000, 0.000211
0.496100, 0.000210
0.496200, 0.000208
0.496300, 0.000206
0.496400, 0.000206
0.496500, 0.000203
0.496600, 0.000201
0.496700, 0.000199
0.496800, 0.000197
0.496900, 0.000195
0.497000, 0.000193
0.497100, 0.000190
0.497200, 0.000188
0.497300, 0.000185
0.497400, 0.000182
0.497500, 0.000179
0.497600, 0.000175
0.497700, 0.000172
0.497800, 0.000168
0.497900, 0.000164
0.498000, 0.000160
0.498100, 0.000156
0.498200, 0.000150
0.498300, 0.000146
0.498400, 0.000140
0.498500, 0.000135
0.498600, 0.000129
0.498700, 0.000123
0.498800, 0.000117
0.498900, 0.000110
0.499000, 0.000104
0.499100, 0.000097
0.499200, 0.000090
0.499300, 0.000081
0.499400, 0.000073
0.499500, 0.000065
0.499600, 0.000056
0.499700, 0.000047
0.499800, 0.000037
0.499900, 0.000028
0.500000, 0.000018
0.500100, 0.000007
